gene,cellex_score,expr_proportion
Hsd11b2,0.992732023,1.994017946
6530403H02Rik,0.992579523,20.33898305
Gm13481,0.992145429,24.89199069
Abi3bp,0.987871649,10.66799601
Pifo,0.984161552,19.5746095
Gm42722,0.98379205,29.41176471
Gm12082,0.981153705,8.541043536
Klb,0.980813619,5.516782984
Gm2447,0.979433564,2.691924227
Mup2,0.979231439,1.196410768
Pcsk6,0.979158449,9.803921569
Tspan11,0.976573392,1.661681622
Syt10,0.976313122,29.27883018
Dnah10,0.972531556,5.18444666
Hydin,0.971339677,8.142239947
Sall3,0.969751978,4.486540379
Pmfbp1,0.964760738,10.23595879
Svil,0.964364042,21.76802925
D830026I12Rik,0.960037874,0.963775341
Cd44,0.959315104,4.154204055
Gpr6,0.958549532,0.697906281
Tmem132c,0.957875959,20.20604852
Gm12930,0.956478384,3.356596876
Krt9,0.956163213,0.731139914
Gm11128,0.955963666,0.864074443
Apol10b,0.954909742,0.265869059
Efhb,0.954530298,6.746427385
Ddo,0.954211529,3.6889332
D330045A20Rik,0.953804491,1.694915254
Gm27239,0.95372861,1.163177135
Tmc3,0.95191286,1.561980724
Adamts18,0.950664775,10.46859422
Gzmk,0.948700107,11.73147225
Gm26911,0.948558801,9.637753406
Mpped2,0.948432442,75.67298106
4933427G17Rik,0.947348755,5.284147557
Sall1,0.946897078,2.891326022
Agtr1a,0.946849537,9.405117979
Bpifb1,0.946272746,1.030242606
1700042O10Rik,0.94544139,37.72017281
Coch,0.943590011,2.426055168
Cfap161,0.941446676,2.891326022
Esm1,0.940700181,4.752409438
H2-Q2,0.939837052,2.625456962
Gm29266,0.938442061,2.558989698
Dbh,0.938192905,11.59853772
Cacng5,0.937967189,12.13027584
Ccdc108,0.937388152,5.815885676
Gm43634,0.937038869,1.861083416
Ankrd33b,0.935228001,3.456297773
Ddc,0.934201769,49.61781323
Gm10825,0.933852426,0.199401795
Vgll4,0.933736253,26.95247591
Hnf1b,0.932481491,2.59222333
Npffr1,0.932436049,4.420073114
Chia1,0.932044245,1.761382519
Maats1,0.930898468,3.855101363
Mettl24,0.930395838,6.081754736
1700057H15Rik,0.929750267,2.658690595
Pparg,0.929400516,11.39913593
Ptger2,0.92938926,1.894317049
Ripk4,0.928491189,0.864074443
Ttc21a,0.928226231,2.193419741
RP23-267I20.3,0.92616983,0.232635427
Cngb1,0.925725606,9.13924892
Acvr1c,0.924580362,3.356596876
Unc13c,0.923957227,69.69092722
Drc7,0.923677774,1.861083416
Lrrc43,0.922985665,3.6889332
Cfap53,0.922185229,3.290129611
Tmem132cos,0.922142972,2.060485211
Rspo1,0.920690259,2.991026919
Zbtb16,0.916402892,18.04586241
Tekt2,0.914476507,5.217680292
Gm44079,0.914441138,0.398803589
Parva,0.914435717,16.55034895
4930528G23Rik,0.913381864,0.332336324
Rasef,0.912963128,4.519774011
1700040L02Rik,0.911797834,6.646726487
Nek10,0.909467075,11.89764041
Zfpm2,0.907069733,52.27650382
Tc2n,0.905261128,2.060485211
Cdh4,0.904553088,45.43037554
Cfap44,0.902875486,8.04253905
Gm17173,0.901333599,2.126952476
Cfap70,0.900589417,5.982053838
Amelx,0.899659359,1.794616152
Epb41l2,0.899380009,14.72249917
C1qtnf1,0.893694319,1.628447989
Tead1,0.893232827,37.88634098
Pou2f2,0.893194094,32.23662346
Gck,0.892523792,7.809903622
Bpifb5,0.89247023,0.797607178
Gm4792,0.89056799,0.398803589
F12,0.889052459,2.193419741
Pou6f2,0.888792284,30.10967099
4930444P10Rik,0.888042082,5.782652044
Kif27,0.88553091,3.057494184
G930045G22Rik,0.884916667,1.395812562
Efemp1,0.884020828,3.988035892
Shroom1,0.883838001,2.226653373
D630024D03Rik,0.879249825,3.95480226
Gpr1,0.878543525,6.314390163
Cnga3,0.877703818,2.226653373
Kcnip1,0.87696244,48.32170156
Slc22a3,0.876546032,1.794616152
Phox2b,0.875523774,13.85842473
Tmcc3,0.874687891,54.3037554
Slc16a12,0.873300423,1.927550681
Vwa3a,0.873035321,6.879361914
Zbbx,0.872664429,10.40212695
Cfap206,0.872442617,6.380857428
Cntnap5c,0.870665307,59.95347291
2810471M01Rik,0.870058299,0.332336324
Zmynd10,0.870006569,2.293120638
Cubn,0.866631955,3.522765038
Gm37020,0.865846745,0.398803589
Ppp1r32,0.865707795,0.631439016
Efcab1,0.863690579,8.773678963
Tle4,0.863264367,42.40611499
Fkbp5,0.862728334,17.44765703
Maoa,0.862610332,17.97939515
Pcsk5,0.862130626,13.92489199
Catsperg2,0.859762289,0.664672649
Myof,0.857896973,0.930541708
2210420H20Rik,0.85786575,0.897308076
Cml3,0.85510352,2.359587903
Chil5,0.853317422,1.528747092
Gdpd2,0.853017672,3.389830508
Igsf9,0.852940687,9.072781655
Alk,0.849280833,54.33698903
Gpr176,0.849225881,34.49651047
Gpr143,0.848662225,1.030242606
F13a1,0.847855139,6.447324693
Gbp7,0.846889468,0.963775341
Gpat2,0.846817197,0.232635427
Gda,0.844524954,9.670987039
Fam167a,0.844232794,2.326354271
Galnt6,0.843947329,4.818876703
Arg2,0.843332313,1.196410768
Gm28807,0.839235672,0.864074443
Drc1,0.837632931,16.28447989
Mapk15,0.836445182,3.024260552
Slc17a8,0.83611671,2.924559654
Lrrc36,0.835843343,3.888334995
Cracr2a,0.835231153,5.084745763
Cdhr2,0.834426751,1.894317049
Hpcal4,0.832670176,5.649717514
Ptchd2,0.832526141,8.939847125
Irf1,0.832511067,3.589232303
Gm28750,0.832341801,3.622465936
Rps6ka6,0.832048039,3.589232303
Lrrn3,0.831985976,7.676969093
Mdh1b,0.830909318,0.830840811
Cyth3,0.830109525,30.34230641
E530001K10Rik,0.828376462,6.912595547
Rapgef5,0.828344222,41.27617149
Nr3c2,0.827366445,55.99867065
Rph3al,0.826775378,15.05483549
Gm11454,0.824876798,1.728148887
Gm15261,0.824353413,7.278165503
Stk32b,0.824125261,6.015287471
Taf9b,0.821694594,3.389830508
Mob3b,0.821537131,5.45031572
Parvaos,0.821247917,1.129943503
St6galnac3,0.818824454,34.7291459
Galnt14,0.818774667,29.8105683
Sdk1,0.817610754,55.23429711
Spag16,0.817519125,16.55034895
RP23-332G12.1,0.816250814,1.36257893
Sec16b,0.816062593,2.160186108
Pkd1l3,0.814088046,2.525756065
Gm14280,0.813823312,1.794616152
Htr5b,0.813726121,1.2296444
Ccdc81,0.81369792,2.060485211
Pi16,0.813164838,6.447324693
Gm37035,0.812800928,0.465270854
Gadl1,0.811564358,0.930541708
Oasl2,0.811487659,3.157195081
Sag,0.811428691,3.057494184
Srd5a2,0.809283251,0.731139914
Nmu,0.809241078,3.655699568
Gm42439,0.808641711,18.5443669
Fbxw10,0.806725894,1.561980724
Cnksr1,0.806377473,0.398803589
Gm28905,0.806316491,48.12229977
Cfap45,0.804703728,2.758391492
Prmt8,0.803230007,7.876370887
Spag8,0.802396403,1.296111665
Dnah5,0.802275134,3.622465936
Cnr1,0.801438231,9.737454304
BC028471,0.800388155,0.531738119
Lrrc6,0.800122444,6.513791957
BC067074,0.800122317,2.293120638
Robo1,0.800096711,61.24958458
Gm12962,0.799113071,0.13293453
Rtn4rl1,0.796872566,10.63476238
Fam198b,0.795519732,0.531738119
4932438H23Rik,0.79408979,0.997008973
Cfap52,0.793994578,1.49551346
AW551984,0.793362928,14.15752742
1500035N22Rik,0.792353554,4.320372217
9330185C12Rik,0.79033449,7.344632768
Nr3c1,0.789954784,16.0850781
Olfr139,0.789746994,0.066467265
Cpne2,0.789617301,7.012296444
Lonrf3,0.78874934,1.329345297
Scimp,0.787931853,0.531738119
Gem,0.786279013,2.924559654
Wdr66,0.784452303,10.30242606
Ribc2,0.781527975,0.564971751
Gm904,0.780943078,0.166168162
Tpbg,0.778571237,4.253904952
Iqcg,0.777276922,6.148222001
Fam163b,0.775932312,5.383848455
Gm14246,0.775794991,0.830840811
Rftn1,0.774951877,19.8737122
Smpdl3b,0.773592632,1.296111665
Ptpro,0.773392547,21.60186108
Riiad1,0.772949391,8.04253905
Edaradd,0.772084579,0.764373546
Kcnj2,0.771544268,0.963775341
Ccdc65,0.771403189,4.320372217
Fnbp1l,0.770159174,25.62313061
Kif17,0.769583898,13.6257893
Zfp808,0.769070181,15.8856763
Bdnf,0.768605289,12.62878033
Mbnl1,0.768110591,31.57195081
Slc9a3,0.765324739,0.797607178
Arhgap6,0.764752432,25.85576604
Meig1,0.764629678,1.595214357
Spink11,0.764532883,0.564971751
4933424G06Rik,0.764358139,7.477567298
Kif13a,0.763718213,33.83183782
Ppil6,0.763709745,5.882352941
Gm12120,0.76348507,1.329345297
Gabre,0.763305179,1.163177135
Prlr,0.762469261,5.284147557
Tmem26,0.7622293,5.284147557
Ubxn10,0.761532047,1.761382519
Ak8,0.761114387,3.389830508
Krt77,0.760593422,0.365569957
Aqp11,0.759789919,2.525756065
Adamts20,0.759613024,7.976071785
Map4k1,0.759546685,2.625456962
Prkg2,0.757860058,7.145230974
Ubxn11,0.756837774,19.17580592
Mak,0.756096765,2.093718843
Tmtc1,0.751903603,39.6477235
Gm30667,0.750944161,1.761382519
Gch1,0.750235079,2.824858757
Pdyn,0.749582241,2.027251579
Ptcra,0.748755346,1.761382519
Ifi35,0.748027701,6.28115653
Armc2,0.747882288,10.20272516
Id4,0.746513743,4.021269525
Slc30a8,0.746510762,0.432037222
Magel2,0.746113405,3.555998671
Fank1,0.745179111,5.18444666
Pde4b,0.744281503,87.10535061
Icosl,0.740327948,0.465270854
Prune2,0.739868558,62.71186441
Dclk3,0.738870922,4.685942173
Ccdc151,0.738137529,4.253904952
Hrk,0.73735441,2.525756065
Ghr,0.737226037,52.40943835
Kcnf1,0.7366384,0.598205384
Efhc2,0.735228687,6.613492855
Cacna1i,0.734930498,9.405117979
AI467606,0.731602846,0.531738119
Wnt4,0.731488436,1.262878033
Arhgef33,0.731417298,8.142239947
A330033J07Rik,0.73119463,13.09405118
Wnt5a,0.730918403,1.960784314
Rfx2,0.730899196,6.41409106
Defb1,0.730150102,0.432037222
Npy,0.729438761,5.084745763
Dhrs4,0.729024803,1.628447989
Vav3,0.72884282,37.75340645
Scml4,0.72869569,21.23629113
Gdpd4,0.728463507,1.063476238
Dnah1,0.72753975,8.04253905
Parp9,0.727488558,3.423064141
4930568G15Rik,0.724949719,1.761382519
Dlgap2,0.722249481,63.50947159
Stard5,0.722211068,9.471585244
Ccdc189,0.721757008,1.661681622
C030034L19Rik,0.720610754,0.997008973
Gm5141,0.718638327,9.106015287
Npffr2,0.718131559,10.56829511
6820408C15Rik,0.718056602,2.193419741
Unc5d,0.716391712,90.86075108
Spef2,0.715194678,2.326354271
Mettl7a1,0.714819591,6.081754736
A230108P19Rik,0.711788573,0.731139914
Slc6a1,0.711032694,27.11864407
Etv6,0.71095547,17.38118976
Dock6,0.709892274,9.571286142
Fndc3b,0.70895499,18.21203057
Kif9,0.708874295,9.571286142
Fam19a4,0.708000338,2.658690595
Cfap61,0.707558518,6.846128282
Fstl4,0.707047412,43.36989033
Jph1,0.706698913,3.589232303
Ptpn13,0.706043854,7.145230974
Pdzrn3,0.705437736,8.142239947
Dgkd,0.703274245,28.481223
Col9a3,0.701976081,5.749418411
St6galnac5,0.701942722,33.03423064
Adck4,0.701840698,14.05782652
Fhl2,0.701100131,2.924559654
Cblb,0.700575357,25.65636424
Ccdc187,0.700427999,0.797607178
Cfap74,0.700201542,8.87337986
Acot11,0.696045397,10.93386507
1700086L19Rik,0.693887092,2.59222333
Col2a1,0.693444028,1.196410768
Gm29536,0.693173159,14.09106015
Gm12320,0.692993696,0.864074443
Hnf4g,0.692824266,7.710202725
Gm3264,0.689443879,1.728148887
2010300C02Rik,0.687668314,5.250913925
Jak3,0.685888508,1.09670987
Arhgap24,0.685823916,33.96477235
Clec12b,0.685095555,0.099700897
Spata1,0.684740919,10.40212695
B3galt1,0.684151072,84.91193087
Tm4sf1,0.683928315,4.021269525
Cda,0.683428077,4.619474909
Rrad,0.683009946,0.631439016
Gm28376,0.682500982,7.477567298
Zim1,0.681278439,10.43536058
Cacna1d,0.681076461,66.93253573
Per2,0.678978964,5.18444666
Cdkl1,0.678145208,9.737454304
Tfap2b,0.677774144,23.82851446
Amer2,0.677412594,4.054503157
Nrn1,0.677217761,10.90063144
Frrs1,0.677165478,1.395812562
Spata17,0.675605361,3.256895979
Slc26a4,0.674590525,0.365569957
Inpp4b,0.674330898,72.98105683
Vwa5b1,0.674314383,16.58358259
Eln,0.672796488,4.818876703
Tlx3,0.672350147,1.595214357
Gm43716,0.672182965,0.232635427
Morn1,0.670247718,17.68029246
Zfp92,0.669872264,1.694915254
Lmx1b,0.669638217,12.86141575
Pla2g4e,0.668433963,18.51113327
Plk2,0.668301223,4.719175806
E130311K13Rik,0.667258737,2.359587903
Pak6,0.666493531,12.1967431
Iqub,0.665697113,4.719175806
Wdr31,0.665135878,4.320372217
Rab27a,0.66310045,20.93718843
4732463B04Rik,0.662787174,8.773678963
Rnf220,0.662360796,85.1445663
Lrrc8c,0.66195934,13.06081755
Gm29114,0.661349571,2.392821535
6720489N17Rik,0.661248953,4.918577601
Htr1d,0.660416373,0.432037222
Prkag3,0.659958584,0.13293453
Cacnb4,0.659884066,54.73579262
Pex5l,0.659323542,44.63276836
Dcdc2a,0.656432677,3.423064141
B3gat1,0.656287071,9.637753406
Gm42950,0.652204262,3.456297773
Parp14,0.65008973,1.030242606
1700088E04Rik,0.648499468,10.43536058
Usp6nl,0.647831667,8.075772682
Atp7a,0.647389225,15.48687272
Stk26,0.646016847,2.758391492
Rec114,0.644097439,3.057494184
1010001N08Rik,0.643907373,0.033233632
2810459M11Rik,0.642605567,5.915586574
Hap1,0.642015882,47.45762712
Zfhx3,0.641038738,65.10468594
2010005H15Rik,0.640819246,1.262878033
Galnt18,0.640014514,27.21834497
Adamts9,0.639242429,2.824858757
Sidt1,0.637231133,23.59587903
Lmo3,0.636957631,9.405117979
Sytl3,0.635882518,0.797607178
Lrguk,0.633899589,5.682951147
Rbm47,0.632675292,1.030242606
Enkur,0.631134771,2.326354271
Rgs9,0.630595972,28.68062479
Dnaic1,0.630437003,3.988035892
Ikzf2,0.630083162,16.05184447
Rhobtb1,0.6298535,10.13625789
Prkd1,0.629471622,24.75905616
Garem,0.62815447,20.77102027
Crocc,0.627096414,16.81621801
Tmem53,0.626667291,5.815885676
Rspo3,0.626486621,5.882352941
1700028P14Rik,0.625214596,1.661681622
Fam179a,0.624778734,3.423064141
Lrriq1,0.624565659,8.806912596
Vim,0.623197561,2.293120638
Rfc1,0.622958556,9.571286142
Eno4,0.622939069,1.894317049
Gm33533,0.622591693,2.326354271
Senp8,0.622314736,24.36025258
Plin5,0.622260875,0.598205384
Pde11a,0.620303484,6.613492855
Nme7,0.619730706,12.4958458
Rsph4a,0.61406623,0.864074443
Peg12,0.610246468,0.099700897
Anxa13,0.607587649,0.997008973
Dnase2b,0.606734039,0.066467265
Ttc25,0.606731327,3.389830508
Rnls,0.606659315,9.770687936
Prss33,0.605785778,0.066467265
Tspan5,0.604489036,27.31804586
Gpr165,0.604087958,1.395812562
RP23-306P12.4,0.603640798,0.13293453
Kl,0.602454708,1.528747092
Lrrc48,0.602415028,8.408109006
Ptpre,0.601878454,12.46261216
Slc25a48,0.601326442,0.465270854
Gpr150,0.601202801,0.864074443
Xdh,0.60035157,0.697906281
Mmab,0.599644284,7.111997341
Itga11,0.597594002,4.486540379
Avpr1a,0.597469134,0.764373546
Cabyr,0.596108105,1.661681622
Gm29483,0.595615238,0.033233632
Pvrl3,0.59463204,7.377866401
Inadl,0.593055846,26.78630774
Plxdc1,0.592974066,6.979062812
Cyp7b1,0.592493273,6.979062812
Sox5,0.5918552,17.08208707
Ccdc60,0.591521273,2.492522433
St3gal4,0.590968409,20.57161848
Dbhos,0.590456298,0.432037222
Gm12130,0.589450817,0.697906281
Slc18a2,0.589248602,4.386839482
Fcgr3,0.589008175,1.262878033
Ttll3,0.588134889,4.220671319
Dnah9,0.5878059,15.8856763
Gm13652,0.587147127,0.398803589
Drd1,0.58664364,0.531738119
Pros1,0.585897533,5.550016617
Cacna2d3,0.585171157,58.45795945
Usp51,0.584864187,1.030242606
Tanc1,0.583931941,13.19375208
Parp10,0.58387022,1.429046195
Cfap57,0.583756652,1.528747092
Stk33,0.583755673,6.447324693
Arsk,0.583259013,4.220671319
Col7a1,0.582559325,2.558989698
Ecel1,0.581145304,18.11232968
Ccdc30,0.581138684,29.94350282
5330417C22Rik,0.580149419,38.25191093
H2-Q7,0.579892183,0.398803589
Gm12828,0.579637431,2.59222333
Tmie,0.578406989,3.722166833
Katnal2,0.578310979,16.0850781
Slc17a6,0.57817124,24.32701894
Ap1s3,0.577998904,4.785643071
Myh7,0.577522612,1.063476238
Adam5,0.577182862,1.728148887
Tph2,0.576336339,1.129943503
Osbpl10,0.573417237,25.68959787
Zmat1,0.573338077,23.39647723
Cfap54,0.573204265,16.38418079
Sox5os4,0.572159179,2.525756065
St8sia6,0.571167056,12.26321037
Gm13052,0.57102158,19.60784314
Gm15726,0.570653782,0.664672649
Snhg7os,0.5694102,0.199401795
Ptprt,0.569302781,86.64007976
B3galt5,0.569031322,6.015287471
Far2os1,0.568943523,0.797607178
Ap4m1,0.568750537,5.45031572
Nell1,0.568539633,53.33998006
Hs6st3,0.567257747,72.9478232
Serpinb1b,0.566813312,1.595214357
A530020G20Rik,0.566602872,0.033233632
4930470P17Rik,0.566431237,0.099700897
Bace2,0.565904166,4.320372217
Syt7,0.565119065,23.66234629
Rab3b,0.565058397,18.77700233
Rab27b,0.564523557,32.33632436
Baiap3,0.562209526,43.07078764
Papln,0.561456267,0.664672649
Mid1,0.561072375,21.13659023
Tubb6,0.560110205,0.332336324
C130021I20Rik,0.559791562,2.625456962
Gm42951,0.559250917,0.398803589
Bdkrb2,0.557044488,2.924559654
Pld5,0.556616154,60.15287471
Calcr,0.556351306,3.788634098
Gm2824,0.556170079,10.00332336
Ctla2a,0.555194023,0.797607178
Gpld1,0.553034545,6.812894649
Ntng1,0.552626007,74.0777667
Gm43832,0.551725151,0.631439016
Kank3,0.551163462,5.682951147
Dydc2,0.550042302,2.392821535
Stk32a,0.548936498,18.87670322
Sorcs1,0.547714638,59.222333
Cartpt,0.547648518,19.37520771
Tmem52,0.546841353,0.365569957
Camkv,0.545932765,12.79494849
Pgr15l,0.545916273,1.296111665
Shisa6,0.545747243,35.92555666
Cfap69,0.545584702,14.52309737
Gpc5,0.545412332,52.80824194
Gm13264,0.545334267,0.332336324
Iqcd,0.54383974,1.462279827
Dock4,0.543131291,69.35859089
BC046251,0.541616753,0.797607178
Maged1,0.541400493,47.0255899
Fam83f,0.540155359,0.564971751
P4ha3,0.539128287,4.719175806
Ccdc57,0.538848063,23.3632436
Shroom2,0.535706037,8.773678963
Fam117a,0.535413213,3.622465936
Gm2762,0.534854362,5.982053838
Pdzd3,0.534633254,0.299102692
Pappa2,0.53362105,5.583250249
Rsph9,0.532211376,6.347623795
Plcg2,0.531104398,1.927550681
4930562D21Rik,0.530323664,0.033233632
E230001N04Rik,0.530070285,1.960784314
Pde2a,0.529374116,12.22997674
B230312C02Rik,0.52894276,8.707211698
Celf6,0.528368352,23.69557993
Uaca,0.528229352,2.060485211
Npas2,0.528037283,8.175473579
Gm15336,0.526649465,8.740445331
Slc16a9,0.526202329,2.924559654
Dsc2,0.525743499,6.247922898
Stk36,0.52542938,4.187437687
Gm12216,0.524950251,10.83416417
Gm4128,0.524327993,6.214689266
RP23-366O14.4,0.523172218,0.697906281
Rassf8,0.522929828,29.27883018
Ncmap,0.522847814,2.891326022
Rad21l,0.522175056,0.697906281
Ern2,0.52131815,0.697906281
Foxo1,0.519371795,4.553007644
Greb1l,0.518975188,27.41774676
Suv420h2,0.518281538,9.371884347
Slc1a4,0.517901375,10.036557
Gm28501,0.517861568,1.063476238
Gm1604a,0.517481324,8.541043536
Krtcap3,0.517358332,1.36257893
Hoxaas3,0.516167178,4.852110336
Gm16105,0.513603074,6.28115653
Dmrtb1,0.512565972,0.299102692
Irf7,0.512291901,0.432037222
Ccdc160,0.512258946,2.824858757
Heatr5a,0.511075177,18.41143237
Tspan9,0.511019693,7.577268195
Gm10637,0.510400303,0.265869059
RP23-466J17.3,0.50808524,2.4592888
Zdhhc1,0.508043803,17.4144234
Nxpe2,0.507548869,4.353605849
Zdbf2,0.507448382,14.15752742
Rfx3,0.506976484,40.21269525
Saxo2,0.506968529,2.193419741
Gm15398,0.506910906,35.09471585
Nox3,0.506819737,0.232635427
Tdrd5,0.505930787,2.4592888
Gm12484,0.505608674,0.265869059
Gabrb2,0.504774267,27.31804586
Rnf183,0.50458903,0.066467265
Kazn,0.504094788,14.09106015
P2ry1,0.503952514,1.063476238
Thsd7a,0.503066104,35.69292124
D630003M21Rik,0.501407232,1.09670987
Fras1,0.501313064,13.26021934
Gm12116,0.500876627,2.126952476
Asap3,0.500248533,9.305417082
Got1l1,0.499678211,0.631439016
Prickle2,0.499386113,55.93220339
Ly6h,0.498808351,53.1738119
Pcdh15,0.49820757,90.22931206
Dhx40,0.497537434,9.106015287
Gm16036,0.495146974,1.196410768
5430402O13Rik,0.49426195,4.719175806
Irs2,0.493856645,4.420073114
Stk19,0.493772076,11.99734131
RP24-236C17.2,0.492578885,30.00997009
Mlf1,0.492193335,0.830840811
Trim14,0.491985874,2.625456962
Rasal1,0.491951534,2.027251579
Tbc1d9b,0.491455522,23.03090728
Adgb,0.491437674,5.749418411
Slc43a3,0.490158493,0.099700897
Fndc3a,0.488868505,39.71419076
Mettl20,0.488301837,3.921568627
Slc37a3,0.486406533,5.682951147
Mmp23,0.485930156,1.628447989
Plekhg4,0.484861223,1.429046195
Apobec4,0.4841588,10.20272516
Ccdc13,0.483809603,1.794616152
Plch1,0.483336307,5.350614822
Ngb,0.481900986,2.924559654
Ddx60,0.480878812,0.930541708
Sema3e,0.480761687,26.48720505
Prss35,0.480504063,0.631439016
Cacna2d1,0.479523088,78.63077434
Gemin8,0.479295009,3.489531406
Gm29374,0.4790686,1.894317049
Rwdd3,0.478979511,4.486540379
Slit1,0.478950886,13.6257893
Pgap1,0.4783763,22.1335992
Fam196b,0.478166387,10.036557
Hist1h4a,0.477970681,0.033233632
Tmem211,0.477524735,0.199401795
Auts2,0.477441257,90.42871386
Rabl2,0.477440291,11.00033234
Nxph4,0.477290513,6.28115653
4930578M01Rik,0.477174174,2.4592888
Glyatl3,0.475804227,0.033233632
Scn5a,0.474507895,2.226653373
Rarb,0.474197546,28.01595214
Syt6,0.473789955,14.92190096
Gm38101,0.473023619,0.697906281
Odf4,0.472539478,0.963775341
Hoxb6,0.472181866,4.420073114
Fgfr1,0.471685652,15.22100366
Traip,0.470177187,3.123961449
Sulf2,0.467082418,17.81322699
Ccdc157,0.467066249,4.985044865
D430019H16Rik,0.46693627,6.181455633
Pigk,0.466601076,27.35127949
Fbxw17,0.46635319,6.048521103
Nphp4,0.465661284,9.571286142
4932443I19Rik,0.465226455,2.957793287
Baiap2,0.464532273,10.10302426
4933408N05Rik,0.464006002,1.927550681
Gnb4,0.463898887,8.175473579
Xylt1,0.462345005,26.25456962
Ccdc148,0.461967832,27.94948488
Flrt2,0.461523938,18.07909605
Cntn3,0.461139363,39.11598538
Csad,0.460224102,5.882352941
Gm15486,0.460082421,0.299102692
Kirrel3,0.459978285,50.24925224
Col11a2,0.45943006,2.359587903
Gsap,0.458915712,6.879361914
4930419G24Rik,0.456644056,2.658690595
Trim66,0.45608256,6.613492855
Ccdc152,0.456071858,0.199401795
Gm17210,0.455584698,0.332336324
Aloxe3,0.455573016,1.728148887
Mbd1,0.455146419,7.64373546
Grm1,0.454792521,27.45098039
3110082I17Rik,0.454105088,9.604519774
Rasgrf2,0.452642051,24.22731805
Wdr34,0.452307925,15.05483549
Zc3h4,0.451456629,7.743436358
Hoga1,0.451326809,5.18444666
Gria3,0.451078233,48.58757062
Dlec1,0.450689704,1.894317049
Kcnc2,0.450666546,75.70621469
Tmem108,0.450319114,50.38218677
Gm3002,0.449848785,3.456297773
Chrnb3,0.449487799,0.166168162
Psd3,0.448997962,31.33931539
Tprg,0.448620634,0.398803589
Rnf128,0.44776353,7.444333666
Ccdc138,0.447396156,9.770687936
Cmbl,0.447288872,2.492522433
Teddm3,0.44709994,0.265869059
Odf2l,0.446738872,10.53506148
Phox2a,0.445817988,0.332336324
Eps8,0.445795994,4.918577601
1700109G14Rik,0.445691084,0.232635427
0610033M10Rik,0.445473481,0.033233632
Celf5,0.444770913,18.24526421
Sh3rf1,0.444589786,32.50249252
Gm1661,0.444425657,1.395812562
Mzf1,0.443335354,3.95480226
Psd2,0.443223323,9.438351612
Gm10687,0.442745813,0.963775341
Scn9a,0.442728719,50.81422399
Cfap46,0.441682248,14.82220007
Nlrc3,0.441525093,3.755400465
Cmtm8,0.44105537,1.063476238
Nrg1,0.44000688,95.54669325
Pdzrn4,0.439511535,63.60917248
Actn1,0.43871228,12.79494849
Tmem35,0.437325862,4.918577601
Ammecr1,0.436644691,21.96743104
Nme5,0.436253301,8.574277168
Mrm1,0.436126266,2.658690595
Cdkl2,0.434763874,12.69524759
Col4a2,0.434411539,11.03356597
Cyp4f17,0.433217787,2.791625125
Gabra4,0.433016794,10.43536058
Ppm1h,0.432920713,43.037554
Rims3,0.432919621,16.11831173
P3h3,0.432280467,14.09106015
Rab36,0.431838264,20.83748754
1700030J22Rik,0.431627132,1.894317049
Gm28342,0.430594594,0.265869059
Renbp,0.430497718,0.830840811
Rras2,0.429724906,5.084745763
Rasgef1a,0.429480352,20.70455301
Cdk18,0.429415873,4.021269525
Gk5,0.428722731,7.078763709
Dpyd,0.428485132,53.80525091
Cpne6,0.428476664,7.444333666
Atxn7l1,0.428291507,26.65337321
Celf3,0.42754025,31.77135261
Foxo6os,0.427211283,0.465270854
Ctso,0.42617089,3.123961449
Gm26697,0.424492742,0.830840811
Uox,0.423613967,0.299102692
5031415H12Rik,0.42355007,4.752409438
Cep89,0.42266718,10.93386507
Rgs3,0.422641855,7.90960452
Il20ra,0.422505736,0.13293453
Ltbp4,0.421435824,6.347623795
Oas1e,0.42084705,0.033233632
Mok,0.420424889,17.04885344
Nrp1,0.41896923,22.83150548
Wdr90,0.417216953,3.389830508
6330418K02Rik,0.41711488,1.163177135
Ldhd,0.416701688,5.882352941
Podnl1,0.416407318,0.498504487
C630028M04Rik,0.415208506,1.628447989
Gapt,0.41513491,0.033233632
Gm11186,0.414377875,0.265869059
Efcab5,0.414101953,3.921568627
Efs,0.413589056,1.761382519
Gtf2a1l,0.412303608,0.299102692
Fos,0.412203322,0.697906281
4931429I11Rik,0.411829085,2.126952476
Ptov1,0.410052141,11.2662014
Gm11508,0.409914819,15.28747092
Rgs14,0.409580642,0.332336324
Iqgap2,0.409258001,5.417082087
Camk4,0.409024592,30.27583915
Rnf150,0.408871005,28.61415753
Lrrc8b,0.407680074,11.59853772
Sh2d6,0.407132575,1.395812562
Ppm1m,0.406094012,3.356596876
Gas2,0.405162783,17.94616152
Prr7,0.404578691,3.456297773
Gm29296,0.402924675,1.09670987
RP24-236C17.3,0.402524607,7.942838152
Nrsn1,0.402373073,12.89464939
Gabra1,0.402263337,17.91292788
Gm10287,0.401814614,0.166168162
Gabra2,0.401634495,44.40013293
Hoxb8,0.401383059,0.332336324
Kcnab1,0.401311989,42.14024593
Ptpn14,0.401188339,0.365569957
Ulk4,0.400377595,23.92821535
Sspn,0.399889047,1.595214357
Amotl1,0.399259852,5.815885676
BC024139,0.398567431,1.36257893
Lin7a,0.398544041,33.59920239
Actr6,0.396961787,8.341641741
Efnb3,0.396705786,11.39913593
Rhobtb2,0.396488149,11.33266866
Gm43278,0.396436955,3.655699568
Ntrk3,0.394841541,61.71485543
Trim16,0.394620081,0.797607178
Garnl3,0.39397759,57.92622134
Gm15879,0.393883843,2.4592888
Pnma3,0.393505904,13.16051844
Chl1,0.393422117,62.87803257
Fbp2,0.393403966,0.265869059
Misp,0.39336392,1.661681622
Pnck,0.393339692,20.8042539
Prps2,0.392748561,1.861083416
Athl1,0.391592592,0.465270854
A430027H14Rik,0.390067249,1.994017946
Fam26e,0.389762597,0.564971751
Gm7967,0.389618065,0.232635427
Cnksr2,0.389320797,28.91326022
Erap1,0.388317888,4.154204055
Smpd2,0.388178909,3.921568627
Hoxc4,0.387988893,14.8554337
Ube2cbp,0.386334961,5.849119309
Cyb561,0.386145771,7.244931871
Irx4,0.38592765,0.033233632
Susd1,0.385696612,7.843137255
Nek7,0.38548931,10.56829511
2900076A07Rik,0.385401329,8.507809904
Odf2,0.38387485,35.82585577
Klhl1,0.383797335,28.01595214
Fam188b,0.383310786,7.876370887
Ptch2,0.382781965,2.426055168
Arhgef38,0.38225486,0.864074443
Cbx7,0.382114076,11.36590229
Dnal1,0.381564021,15.02160186
Krt7,0.381242598,0.166168162
A930033H14Rik,0.381024664,2.326354271
P3h2,0.380552818,11.33266866
Cacng4,0.380171443,13.92489199
0610043K17Rik,0.379875689,5.417082087
Sox5os2,0.379401945,0.564971751
Synpo2,0.379322528,3.356596876
Tmem164,0.378944522,22.93120638
Atp2c1,0.378910783,36.95579927
Pde10a,0.378779607,65.80259222
Ypel2,0.378658065,17.91292788
Erich3,0.37809967,8.906613493
Parvb,0.378097302,8.973080758
Tub,0.378036609,15.71950814
Gucy2c,0.3777868,0.299102692
Myl4,0.377782151,0.830840811
Caln1,0.377631733,34.69591226
Prkca,0.377586918,37.28813559
Wars2,0.37735789,7.64373546
Hs3st4,0.376957849,35.19441675
Maml3,0.376780905,41.30940512
Helb,0.376565964,1.163177135
Kif6,0.376341073,4.220671319
Gm11967,0.375417488,0.033233632
RP24-267C3.3,0.375403111,8.507809904
Pfkl,0.375052165,9.970089731
Arhgef15,0.374978223,4.785643071
Gtf2ird1,0.374366035,21.93419741
Kcnd3,0.373749056,37.85310734
Gabrg1,0.372826058,12.26321037
Dcc,0.372739626,95.64639415
Tha1,0.370376139,1.36257893
Gm14902,0.369642725,0.033233632
Kcnk2,0.369510905,27.84978398
Arap1,0.369001475,2.027251579
Rsph14,0.36849322,2.392821535
Mns1,0.368479853,3.6889332
Ttc26,0.368273353,9.538052509
Slc22a27,0.368242896,5.350614822
Ckap2,0.368117191,0.731139914
Catsperg1,0.367773882,4.154204055
Syt17,0.367644695,15.22100366
Frmd5,0.367076912,62.31306082
Tmeff1,0.366976745,12.89464939
Camk2a,0.3663406,28.97972748
Gm13269,0.366088156,4.220671319
Btc,0.365542699,0.465270854
Nell1os,0.364756399,5.383848455
Galnt16,0.364126444,23.26354271
Col8a1,0.363832598,6.846128282
Chgb,0.36378286,20.70455301
Wdr95,0.363739463,1.462279827
Gm42906,0.362937575,3.290129611
Dennd2d,0.362560138,1.528747092
Clic5,0.362433801,0.465270854
Grin2b,0.361767436,64.53971419
Nsun7,0.361559519,19.8737122
Uncx,0.360802581,3.057494184
4930519A11Rik,0.360741449,0.232635427
Slc12a1,0.360529553,2.824858757
Tenm1,0.360011329,85.74277168
Hoxb4,0.358680946,8.574277168
Nr4a3,0.358172439,0.531738119
Gm16897,0.358102115,1.329345297
Kank2,0.356656937,2.858092389
Vegfc,0.354944217,2.426055168
Kcnip3,0.354674835,7.178464606
Acd,0.3539291,5.815885676
1700024B18Rik,0.35198838,8.541043536
Stt3b,0.351182448,13.7254902
Gm44188,0.351096304,2.426055168
Irgq,0.350808947,1.994017946
Murc,0.350613212,2.027251579
Itpr1,0.350470781,16.184779
Ankrd45,0.34991126,14.35692921
Ston2,0.348790497,15.18777002
Shisa9,0.34868725,29.8105683
Deptor,0.347592976,11.73147225
Neurl1a,0.347481277,11.36590229
Kctd19,0.347277324,0.265869059
Prkce,0.346621719,53.50614822
5530401A14Rik,0.346417121,3.290129611
Gstz1,0.34638578,17.81322699
Frmd7,0.346131117,0.731139914
Gm44119,0.345035523,0.598205384
Gm21969,0.344904082,0.598205384
Tbl1x,0.34449217,32.96776338
Rfc2,0.344362851,14.8554337
Fam161b,0.343879386,3.356596876
Fam57a,0.343478287,8.541043536
Pak1,0.343106914,23.69557993
Rac3,0.343063707,8.374875374
Gpx3,0.342444957,10.70122964
Plxna3,0.342285957,5.45031572
Rit2,0.341787719,76.80292456
D130043K22Rik,0.341709452,23.42971087
Zscan18,0.340791336,3.589232303
Lingo2,0.340738882,99.10269192
Zfp608,0.340620829,34.13094051
Gm12371,0.340478702,7.012296444
C030007H22Rik,0.340075692,0.697906281
Xrcc1,0.339692729,4.951811233
Tmem107,0.339590876,5.749418411
Tm4sf4,0.339292112,1.36257893
Dynlt1c,0.338788795,3.888334995
Syne2,0.338762533,7.477567298
Cfap77,0.338697708,2.891326022
Platr25,0.337943899,3.024260552
Pam,0.337488281,74.87537388
Fam19a1,0.337342471,48.98637421
Kcnh4,0.337146517,1.960784314
Tspo2,0.337036389,0.099700897
Gm26606,0.337005756,9.471585244
Dusp18,0.335281253,1.595214357
Mfi2,0.335097254,0.398803589
Dync2li1,0.334548645,2.891326022
4930469G21Rik,0.333934504,6.513791957
Spata24,0.333820737,3.057494184
Grpr,0.332707627,0.697906281
Mfap2,0.332544318,4.519774011
Lca5l,0.331973579,7.012296444
Tmem163,0.329914799,26.71984048
C1rl,0.32925723,0.199401795
Nucb2,0.328564336,7.90960452
Zfp365,0.32829079,2.359587903
Usp11,0.328094091,15.35393819
AI504432,0.327961023,4.918577601
Cpeb4,0.327800069,22.93120638
Sspnos,0.327622617,1.2296444
Hnf4a,0.327259921,0.199401795
Kcng3,0.32712064,3.655699568
Rai2,0.327079262,6.114988368
Fam43a,0.326447641,0.897308076
Mrap2,0.326146503,18.3449651
Zmym1,0.325908214,41.54204055
Tex2,0.325113183,16.74975075
Lrrc45,0.324746439,19.27550681
Trpc4,0.324487861,13.29345297
Myrip,0.324407089,12.13027584
Thsd4,0.324120949,24.7922898
Dera,0.323585284,2.392821535
Dusp11,0.323523452,13.22698571
Kcnb2,0.322928514,73.87836491
Nnat,0.322254644,21.23629113
Rfc3,0.321662416,2.924559654
Cxadr,0.321566948,7.676969093
Kcnq5,0.320575775,64.60618146
Tepp,0.320217232,1.129943503
Iqsec3,0.319726889,24.7922898
4930432B10Rik,0.318897847,6.114988368
4933407L21Rik,0.318876851,0.664672649
March4,0.318016581,17.54735793
Fam83h,0.317938264,0.465270854
Wwc1,0.317876865,11.19973413
Catsper2,0.31718316,7.377866401
Trps1,0.317023471,46.72648721
Dock2,0.316912577,2.060485211
Defb42,0.316615382,0.265869059
Ikzf4,0.316399796,7.809903622
Atp1a1,0.315836135,22.46593553
Opcml,0.315449259,85.01163177
Vat1l,0.31541237,39.3486208
Gm3510,0.315374771,2.59222333
Ptprr,0.315019125,42.23994683
Ifit1,0.31465417,0.531738119
Bbs1,0.314504004,3.555998671
Gm20685,0.314396332,1.528747092
Bbx,0.314377155,21.43569292
Mesdc2,0.314354522,7.078763709
Intu,0.314304815,4.818876703
Basp1,0.31337509,22.43270189
Ttc23,0.313327361,2.59222333
Tmem130,0.313310098,31.77135261
N4bp2,0.312537377,13.09405118
Dyx1c1Ccpg1,0.312159695,2.691924227
Kif3a,0.311825018,19.94017946
Fbln5,0.311405276,0.598205384
Ptger3,0.311373638,1.36257893
Grik4,0.310498505,37.52077102
Plcb4,0.30999298,41.37587238
Pla2g2c,0.309624914,0.598205384
Ccdc85a,0.309258351,67.8298438
Gm14507,0.309135443,0.498504487
Gm16083,0.308941457,24.45995347
Ankrd55,0.308606388,24.95845796
Scn3a,0.30846883,45.86241276
Tigd2,0.308310294,6.646726487
Dpf3,0.307991429,14.12429379
Grb10,0.307293977,47.32469259
Mdga1,0.307286732,7.344632768
Vwde,0.307216916,0.531738119
Sobp,0.306913224,44.96510469
Nfe2l3,0.306838097,3.6889332
Tmem246,0.306189334,15.25423729
Caly,0.30606271,29.31206381
Them4,0.305457754,8.241940844
Suclg2,0.304770356,3.256895979
Acsl5,0.304626188,5.782652044
Eme2,0.304506093,2.426055168
4933404O12Rik,0.304019525,2.193419741
C77370,0.303953297,22.89797275
Hdac7,0.303135956,15.12130276
Wdr6,0.303094057,11.39913593
Prr12,0.302926182,5.649717514
Nrg3os,0.302388949,65.60319043
Gm4890,0.302299509,1.36257893
Lyrm4,0.30171323,32.10368893
Phyh,0.301476052,8.673978066
Prelid2,0.301351464,0.498504487
Gmip,0.300900985,5.616483882
Gm20642,0.300295514,68.26188102
Usp29,0.299768944,82.02060485
Asic2,0.29959688,85.31073446
Prr11,0.298478074,0.598205384
Trim25,0.298424262,1.561980724
Tmem91,0.298316344,20.87072117
Gm3173,0.298081426,2.824858757
Cd27,0.297927376,10.33565969
Rreb1,0.297837337,3.456297773
Elk3,0.297719862,2.72515786
Gucy2e,0.297661447,0.365569957
Mov10,0.297537114,4.353605849
Homer2,0.297388822,10.26919242
Tert,0.297232797,4.353605849
Nxnl2,0.296506397,0.731139914
Pkp2,0.296241532,4.08773679
Meis1,0.295668748,38.78364905
D7Ertd443e,0.294157016,1.661681622
Pbxip1,0.293869031,2.691924227
Prkcg,0.293769905,8.04253905
Snta1,0.293751802,13.22698571
Camk1g,0.293577839,2.492522433
Lrtm1,0.292842448,3.888334995
Stbd1,0.292597472,0.332336324
Ccdc62,0.292523566,5.217680292
Gm26629,0.292378433,0.864074443
Zc3h6,0.292063957,15.71950814
Scn3b,0.292001817,8.906613493
H2-Q6,0.291547138,0.398803589
Grm8,0.290652386,36.75639747
Tmem191c,0.289994177,30.80757727
Rgl1,0.28997063,16.88268528
Ift81,0.289970536,18.97640412
Sorcs3,0.289603818,46.46061815
Peg10,0.28952891,2.392821535
Hoxb3,0.289477275,13.32668661
A730017C20Rik,0.289010201,12.96111665
Cyp46a1,0.288996434,9.704220671
4933406C10Rik,0.288938023,3.123961449
Alcam,0.288916488,47.05882353
Agap1,0.288596765,47.62379528
Rhbdd2,0.287997033,14.6560319
Fuz,0.287984578,4.785643071
P4ha1,0.287693617,13.19375208
Prl,0.287573714,0.033233632
Ccdc39,0.286443631,6.181455633
Rab3gap1,0.286441062,21.03688933
Smoc1,0.285933243,5.550016617
Msi2,0.285106987,63.110668
Zfp516,0.285005305,8.142239947
Plat,0.284285624,2.957793287
Tusc3,0.283536782,36.75639747
Gm11418,0.283389602,23.89498172
Tmem237,0.283197988,9.13924892
4930527B05Rik,0.282952613,2.957793287
Pnma1,0.282143998,0.498504487
Nphp1,0.281607972,5.31738119
Marveld3,0.281146919,0.764373546
Syn2,0.280808473,47.52409438
Ranbp17,0.279115013,30.34230641
Tmem138,0.279086112,7.64373546
H3f3a,0.278963449,9.837155201
Lclat1,0.278331515,15.9853772
Syt5,0.277935639,11.79793951
Morn4,0.277819414,5.749418411
Gpx2,0.277563084,0.066467265
Ahi1,0.277327532,79.79395148
Gm16267,0.277216458,0.365569957
Slc30a10,0.277042705,2.193419741
Astn1,0.276164907,50.44865404
Megf6,0.275984487,2.326354271
Spred3,0.275674267,7.078763709
Cyb5a,0.275583083,7.876370887
Gfod1,0.275559918,11.49883682
9530052E02Rik,0.275530733,7.64373546
Sgsm1,0.27536136,26.55367232
4933427D06Rik,0.275337211,1.395812562
C530008M17Rik,0.275128568,45.29744101
Zim3,0.27510263,9.870388833
Armc9,0.274033966,29.94350282
Tram1l1,0.274001723,7.078763709
Gabrb1,0.273322488,84.91193087
Gm26742,0.272408582,9.670987039
Ryr2,0.272021965,53.63908275
Pnmal1,0.272021356,4.054503157
Tceal3,0.27151014,8.973080758
Shisa7,0.271506184,7.876370887
Prex2,0.27130391,9.205716185
Ift122,0.270881945,17.1153207
Akap12,0.270609978,20.83748754
Gclc,0.270512552,10.9670987
Mospd3,0.270439831,7.610501828
Prrt4,0.269514654,1.528747092
Ttc39aos1,0.268497735,2.392821535
Gm43948,0.268443177,0.897308076
Pcsk2,0.2672759,50.14955135
Rap1gds1,0.267191067,26.0219342
Grm7,0.266673651,92.7218345
Fbxl12,0.26658555,12.56231306
Immp2l,0.266097162,41.67497507
Akap3,0.265800393,0.232635427
Fbxo36,0.265529211,14.29046195
Gm29019,0.265370093,0.697906281
Fut8,0.265001872,32.90129611
1700030K09Rik,0.264914717,13.79195746
Cybrd1,0.264735773,1.063476238
Gm20641,0.264016323,2.72515786
Pcsk4,0.263792833,1.960784314
Als2cl,0.262691304,1.794616152
Rgmb,0.262613584,1.794616152
Gm26863,0.262574664,0.299102692
Mctp1,0.262574379,35.82585577
Ttc22,0.26244727,0.631439016
Gm16045,0.262197685,0.099700897
Rasgrf1,0.261776587,59.08939847
Cacna1e,0.261521856,51.97740113
Atg7,0.261440076,9.106015287
Crem,0.261397068,10.73446328
Gm13599,0.261351607,1.960784314
Gm29642,0.26061717,2.924559654
Gpr83,0.260591965,0.830840811
Nol4,0.26046995,53.50614822
Ncald,0.260256116,31.67165171
H2-Q4,0.259610749,0.498504487
Gm43419,0.259491856,0.066467265
Lrrc49,0.259405866,27.61714855
Irf9,0.259302724,2.492522433
Mal2,0.259039727,3.555998671
Pold3,0.258639472,5.948820206
Shox2,0.258512441,1.063476238
Cyld,0.258488826,18.77700233
Nipsnap1,0.258361541,17.51412429
Tctn1,0.25827343,5.550016617
Ptprk,0.258158416,23.72881356
Acsl1,0.258130672,15.85244267
Prss36,0.258086375,8.507809904
1700010I14Rik,0.257786399,2.891326022
1700013F07Rik,0.257679542,7.809903622
Fam13a,0.257272768,30.14290462
Cacnb2,0.256979555,72.15021602
Rbfox1,0.25599295,71.21967431
Tapbp,0.255939369,5.649717514
Gm26692,0.255703959,0.598205384
Fam185a,0.25558087,4.985044865
Sema4g,0.255147341,8.474576271
5031425E22Rik,0.25501888,22.06713194
Epha4,0.254811469,9.670987039
Nprl2,0.254298813,6.214689266
Bora,0.254057401,2.59222333
Ccdc34,0.253799429,9.704220671
Gm19412,0.251783887,2.359587903
Nalcn,0.251589471,65.17115321
Zfp934,0.251181944,2.392821535
Treml1,0.251051263,0.066467265
Cbarp,0.250470517,18.444666
Pbx4,0.250432086,13.16051844
Smarca1,0.250166977,13.06081755
Lsamp,0.25,99.96676637
Trank1,0.249546746,20.00664673
Dlg4,0.249309073,23.82851446
Nrg3,0.249066468,99.86706547
Wdr17,0.248833161,18.87670322
Ptprn,0.248343173,45.5965437
Ppp1r42,0.248082705,1.2296444
Rnf112,0.248061192,16.61681622
Dnmt3l,0.247853024,0.166168162
1700049G17Rik,0.247591375,4.586241276
Arhgap33,0.247550055,9.371884347
Slc4a4,0.247478401,23.33000997
Ptprd,0.247199403,98.53772017
Lrp1b,0.247106049,99.26886009
Stxbp4,0.246937428,17.18178797
Ywhaq,0.246927049,19.27550681
Gm15691,0.246459523,0.066467265
Trim46,0.246371194,19.80724493
Nrsn2,0.246114357,12.09704221
Slc18a1,0.245561398,1.561980724
Tbc1d16,0.245553801,6.613492855
Tmem74,0.245508715,0.299102692
Ctxn1,0.244519723,4.287138584
Gm11099,0.244453214,10.80093054
Dlg2,0.244305452,98.60418744
Snhg11,0.244025392,99.63443004
Wdr78,0.244016041,11.03356597
Ptprf,0.243684398,16.91591891
Ccdc106,0.243557857,6.114988368
Negr1,0.243371919,95.67962778
Cask,0.243002206,40.61149884
Gm26534,0.242770357,2.625456962
Ssbp4,0.242565084,14.48986374
Mast4,0.24244635,52.60884015
Dlgap1,0.242438387,91.3924892
Zfp609,0.242408228,35.55998671
Lrrtm4,0.242345034,92.88800266
Psmb8,0.241358904,1.030242606
Gng4,0.241282957,4.586241276
Xrcc4,0.241276121,19.24227318
Figf,0.241065294,1.429046195
Fopnl,0.239378431,7.577268195
Clvs1,0.239104849,50.21601861
Ank3,0.238984317,91.1930874
Zfp37,0.238980828,8.541043536
Grid2,0.23879761,95.41375872
Adgrb3,0.238704257,95.31405783
Agbl4,0.238610904,86.3742107
Tnxb,0.238549586,0.498504487
Malat1,0.238330844,100
Gm12128,0.238265617,0.199401795
Epha6,0.238155441,68.46128282
Gm26691,0.237976389,35.9587903
Vps13c,0.237894647,21.07012296
Csf2ra,0.237748221,19.37520771
Ccser1,0.237677371,92.12362911
Arrb2,0.237470137,13.55932203
Cntnap5a,0.237373524,80.65802592
Nav3,0.237303958,89.63110668
Gm26888,0.236721965,0.066467265
Ndrg1,0.236657897,3.589232303
Rsph3b,0.236641469,3.323363244
Fgf14,0.236277072,98.37155201
Neurl3,0.236218562,0.13293453
Dync2h1,0.23591712,36.85609837
Ring1,0.235560508,21.93419741
Syt1,0.23534354,83.05084746
Prmt2,0.235295399,22.10036557
Igsf10,0.235257349,1.063476238
Magi2,0.235156833,95.74609505
Kidins220,0.234835004,40.07976072
Wdr72,0.234570086,1.196410768
Ephb2,0.234537887,23.82851446
Neurl1b,0.234145772,0.864074443
Orc1,0.233988394,4.353605849
Zkscan16,0.233907945,14.35692921
Bspry,0.233826191,0.731139914
Dscam,0.233756535,78.36490528
Il1rapl1,0.233383122,88.46792954
Shmt2,0.233315421,2.991026919
Gne,0.232888038,4.785643071
Gpc4,0.232625886,0.764373546
Gm3667,0.232621657,0.997008973
Rchy1,0.232504563,21.30275839
Fam212b,0.232154441,0.598205384
Gm3739,0.232145444,2.226653373
Pced1b,0.232056396,25.75606514
D330050G23Rik,0.230722139,0.963775341
Slc25a43,0.23046461,1.561980724
Dip2a,0.230390833,13.69225656
Tmcc3os,0.230111357,0.232635427
Amacr,0.229809556,0.997008973
Slc26a7,0.22969603,0.398803589
Klhl3,0.229623765,10.43536058
Pcdh9,0.229555639,91.3924892
Rtn1,0.229462285,72.01728149
Sgcz,0.228902166,89.76404121
Samd12,0.228808813,70.32236623
Gm20686,0.228509845,0.265869059
Ccl8,0.228447831,0.066467265
Itm2c,0.227772216,29.31206381
Heca,0.22753308,4.353605849
Mgat4c,0.227128454,87.13858425
Rps6ka5,0.227085811,17.61382519
Gm14444,0.22689452,0.332336324
Gm26555,0.226675447,1.030242606
Nrxn1,0.226661688,97.97274842
Fam107b,0.225927809,4.985044865
Ankrd42,0.225923383,11.99734131
Tnik,0.225822125,58.1920904
Tctn3,0.225539633,4.08773679
Ccdc177,0.225146146,1.429046195
Gm26848,0.224794623,65.40378863
C2cd4c,0.224227327,0.963775341
Gm15577,0.2239781,2.259887006
Tmem214,0.22332332,12.59554669
Mboat2,0.222737349,14.25722832
Mast3,0.222721346,2.791625125
Erc1,0.222668871,40.11299435
RP23-414I24.8,0.222615444,1.927550681
Sh3gl3,0.222376995,8.640744433
Sh3d19,0.222063642,18.07909605
H2afy,0.221948351,12.66201396
Ctnnd2,0.221900672,83.31671652
Cenpt,0.22178574,12.62878033
Ppp1r1a,0.221770791,5.117979395
Mroh7,0.221487101,1.994017946
Gm44174,0.221484499,0.033233632
Nav1,0.221425377,45.4968428
Tnnc1,0.220413508,1.063476238
Dclk1,0.22040702,66.83283483
Mks1,0.219900645,2.758391492
Far2os2,0.219307171,1.728148887
Ccdc82,0.21925241,10.036557
Eml6,0.219193428,62.51246261
Tmem181a,0.219048235,32.93452974
Ccdc67,0.219045808,0.631439016
Lrrc19,0.218971733,9.305417082
Pibf1,0.218966801,23.5626454
Ncoa3,0.218594313,17.48089066
Ankrd26,0.21829812,11.23296776
Tshz1,0.218111106,12.79494849
Zeb1,0.217956356,43.10402127
Nav2,0.217886482,65.90229312
Ccdc6,0.217536344,8.939847125
2610301B20Rik,0.217533621,6.779661017
Arhgap26,0.217419716,64.57294782
Elovl1,0.217396341,3.489531406
RP23-407N2.2,0.217286751,24.39348621
Srpk3,0.217152905,1.528747092
March8,0.21695819,16.28447989
Frmpd4,0.216299477,65.53672316
Hipk4,0.216208454,1.462279827
Matk,0.216198828,30.80757727
Lcorl,0.216189375,30.04320372
Vcan,0.215834236,3.722166833
Akap6,0.215832711,74.47657029
Setd7,0.214905036,16.25124626
Ece1,0.214848315,11.76470588
Hlf,0.21455428,4.752409438
Pgpep1l,0.214540533,3.489531406
Gpr158,0.214432412,61.34928548
Samd4,0.213967496,29.17912928
Slc38a10,0.213763912,7.078763709
Gm11750,0.213701197,1.030242606
Nsmf,0.213681682,11.89764041
Fbxw7,0.213370975,17.2150216
Magix,0.213180725,0.13293453
Amph,0.212845407,54.86872715
Snap25,0.212752054,78.29843802
Fkbp11,0.212692397,1.2296444
Acvr2a,0.212650223,13.35992024
Mrpl11,0.211885553,3.522765038
Cd200,0.21186435,17.14855434
Coq4,0.211810413,3.722166833
Dpp6,0.211725168,83.18378199
Ttc3,0.210884989,73.71219674
Lrrc3,0.210697445,0.631439016
Gm44026,0.210269413,0.631439016
Slc15a2,0.210158884,5.516782984
Exoc6b,0.210138163,55.00166168
Atxn1,0.21004481,62.54569624
Wdfy1,0.210041213,12.99435028
Gm27008,0.210024808,2.326354271
Mmel1,0.20992294,0.997008973
Cd46,0.209750159,15.48687272
Slc6a4,0.209672272,0.232635427
Bex1,0.20954398,7.610501828
Gm26533,0.209496066,4.220671319
Dbnl,0.209235026,9.504818877
Wfdc1,0.209127648,0.299102692
Flt3l,0.208960073,5.948820206
Fam220a,0.208610396,14.45663011
Zcchc18,0.208551158,45.56331007
Gm26688,0.208401443,17.48089066
Mgat4b,0.208345042,4.752409438
Smyd3,0.208271098,56.09837155
Brinp3,0.207804332,64.53971419
Dsg2,0.207665616,2.060485211
Rab26,0.20762455,6.380857428
Oscp1,0.206991074,11.1665005
Gm20388,0.206590739,82.31970754
4930532G15Rik,0.206342265,5.18444666
Nisch,0.206135893,29.07942838
Gm20696,0.205857683,23.26354271
Hk1os,0.205451133,1.2296444
Gm4793,0.204764615,1.595214357
Lman2l,0.204727065,20.83748754
Zfr,0.204723674,46.02858092
Scn7a,0.204586239,2.957793287
Qtrt1,0.20425696,16.81621801
Mavs,0.204247859,1.960784314
Pcdh7,0.203976848,77.00232635
Nagk,0.203920744,20.23928215
Rragd,0.203665767,5.31738119
Lncpint,0.203510082,57.36124958
Ppp2r2b,0.202949963,79.66101695
Ipo5,0.202779235,5.849119309
Ccnt2,0.202763256,47.95613161
2700069I18Rik,0.20260378,10.90063144
Kdm1a,0.202495908,10.60152875
Cep170,0.20243747,20.40545032
Scn2a1,0.202109783,51.91093387
Fars2,0.201958784,29.27883018
Ptprn2,0.201829724,69.59122632
Mum1l1,0.201793231,3.722166833
Ero1lb,0.201752356,5.616483882
Abhd15,0.201619953,2.924559654
Mir17hg,0.201572236,0.199401795
Pcsk1n,0.201456311,50.58158857
Mbd5,0.201362957,64.67264872
Btbd9,0.200802838,47.19175806
Lrrtm3,0.200522778,55.40046527
Scaper,0.200429425,47.62379528
Hn1l,0.200383121,3.223662346
Dtnb,0.199869305,45.7959455
Hdgfrp3,0.199057538,19.47490861
Plxna4,0.199029126,56.43070788
Rars2,0.198952265,26.15486873
Gm26582,0.198859272,9.903622466
Zwint,0.198188947,44.4666002
Cmip,0.198095594,43.60252576
1110051M20Rik,0.19800224,47.62379528
Ciart,0.197968517,1.628447989
Adgrl3,0.197815534,86.34097707
Pdgfa,0.197507225,8.973080758
Gaa,0.197423522,32.93452974
Magi3,0.197348768,36.9890329
Mroh5,0.196928021,1.262878033
Tmed3,0.19677565,4.453306746
Parm1,0.196724015,20.77102027
Stk16,0.19664989,7.809903622
P2rx4,0.196483138,11.03356597
Gap43,0.196321882,41.44233965
Rabgap1l,0.196228529,57.59388501
Ctnna2,0.196135176,93.9514789
Ankrd12,0.195948469,43.50282486
Rasal2,0.195761763,45.16450648
Srrm4,0.19538835,41.01030243
Rnf25,0.195280123,9.106015287
Upp2,0.195201643,56.43070788
Ssh2,0.19510829,59.58790296
Slc2a13,0.195014937,35.55998671
1810024B03Rik,0.194933413,2.160186108
Tecr,0.19482823,66.00199402
Fam19a2,0.194641524,47.52409438
Ttc8,0.194174757,34.39680957
Rbm39,0.193614638,68.12894649
2410089E03Rik,0.193334578,48.0558325
Gnptg,0.193120487,9.770687936
Araf,0.192942258,32.13692257
Gabbr2,0.192867812,36.25789299
Gm28402,0.192265441,0.066467265
Rbm5,0.192214339,38.98305085
Dpy19l3,0.192073744,3.256895979
Cacna1c,0.192027633,55.40046527
Wbscr27,0.191823625,4.386839482
Tmem29,0.191388654,13.32668661
Map1b,0.191280807,67.99601196
Tmem150a,0.191178083,5.882352941
Dync1i2,0.190627334,34.99501496
Ttc38,0.190316054,2.126952476
Park2,0.190067214,71.95081422
Bbip1,0.19002118,17.51412429
Wwox,0.189973861,56.03190429
Tmc4,0.189780219,9.172482552
Ildr2,0.189734184,6.879361914
Nono,0.189696627,8.640744433
Ubn2,0.189693801,63.07743436
Tnrc6a,0.189507095,45.6962446
Samd15,0.18919726,2.226653373
Fig4,0.189185168,9.13924892
Fam155a,0.189040329,94.51645065
D6Ertd527e,0.189038079,0.033233632
Dbt,0.188377019,4.619474909
Xkr4,0.188293503,80.05982054
Tmem219,0.188262162,8.740445331
Gbf1,0.188106796,43.73546029
Slc7a12,0.187682333,0.033233632
Cacna1g,0.18745281,7.211698239
CR974586.5,0.18743057,0.033233632
Malt1,0.187393692,6.879361914
Slc22a17,0.18735997,35.39381854
Gm3164,0.187269223,0.465270854
Ms4a14,0.18714221,0.498504487
Apba1,0.186893204,43.86839482
Rims1,0.186799851,77.99933533
Btrc,0.186706497,32.40279163
Ampd2,0.186436251,11.63177135
Rxra,0.186298994,2.193419741
Asb7,0.186029978,9.106015287
Brca1,0.186012018,2.891326022
Klhl29,0.185959671,44.03456298
Prrc2c,0.185866318,30.47524094
Tmem67,0.185840783,7.544034563
N4bp2l1,0.185371191,21.70156198
Usp34,0.184466019,53.53938185
Hmgcll1,0.184372666,32.53572615
Bcap29,0.184295548,10.06979063
Doc2a,0.184260645,2.160186108
Ppp1r16a,0.184051196,7.710202725
Dlc1,0.183532487,37.72017281
Huwe1,0.183252427,40.24592888
Fnip1,0.183159074,28.51445663
Dnajc15,0.18311299,12.1967431
Chn1,0.182785661,29.57793287
Zfp317,0.182122819,4.719175806
Pih1d2,0.182105713,0.864074443
Arl3,0.182038835,28.68062479
Bbs9,0.181478715,27.61714855
Lims1,0.181385362,30.57494184
Pds5b,0.181292009,30.74111
Vmn2r87,0.181264477,4.453306746
Sgip1,0.181198656,68.42804919
Phkg1,0.180654738,4.685942173
Rere,0.180638536,65.83582586
Map2,0.180545183,77.666999
Ppt1,0.18017177,26.18810236
Ccdc112,0.179987581,7.843137255
Supt3,0.17989171,29.01296112
Tulp4,0.179798357,40.24592888
Fam131a,0.179784974,5.649717514
Cnot3,0.17952138,16.35094716
Fstl5,0.179518297,53.00764374
Fam227a,0.179388106,8.740445331
Scg2,0.179238237,33.93153872
Dmd,0.179144884,76.00531738
Inpp4a,0.178958178,27.41774676
Slc6a11,0.178652275,9.27218345
Elovl5,0.178585741,9.27218345
Sgms2,0.178546322,5.583250249
Cuedc1,0.178537189,19.80724493
1700012B09Rik,0.178486844,0.897308076
Parp12,0.178337176,3.82186773
Myo1f,0.17815249,2.359587903
Ccdc15,0.177861203,5.583250249
Ddx39b,0.177731484,20.8042539
Slc27a2,0.177728768,1.994017946
Gphn,0.177651232,76.86939182
Efcab2,0.177542979,12.16350947
Psg16,0.177436057,1.761382519
Dbpht2,0.177298753,2.126952476
Gm26760,0.17719767,5.716184779
Peg3,0.176811053,37.02226653
Supt6,0.176758596,17.18178797
Sec61a2,0.1767177,31.90428714
Sdccag8,0.176530993,25.45696245
Plpp2,0.176473598,0.897308076
Lrfn5,0.176344287,80.62479229
Dtd1,0.17615758,31.20638086
Gm26981,0.175934961,6.812894649
Rlim,0.175892831,10.73446328
Stox2,0.175410754,37.62047192
Zdhhc8,0.175361997,9.637753406
Cspp1,0.175317401,41.40910602
Dtx3,0.175224048,32.83482885
Rock1,0.175130695,35.6596876
Lrrfip1,0.175037341,23.82851446
Nsun4,0.175005467,2.492522433
Anapc5,0.174943988,25.02492522
Gtf2i,0.174757282,29.47823197
Arhgef2,0.174711915,7.078763709
Prkacb,0.174610239,22.49916916
Gpcpd1,0.174477222,32.1701562
Ccdc191,0.174077606,11.99734131
Dbn1,0.174015645,20.23928215
Apex2,0.174010456,29.5114656
Parp8,0.173637043,33.10069791
Sema3a,0.173283204,12.72848122
Gria2,0.173170276,74.1774676
Slc16a11,0.173127273,25.42372881
2210408I21Rik,0.173076923,36.75639747
Npas4,0.172852347,1.561980724
Ncam1,0.17270351,75.54004653
Dhx30,0.172330097,37.98604187
Snd1,0.172143391,22.56563642
Wdr92,0.171995085,3.489531406
Luc7l3,0.171863331,39.71419076
Mttp,0.171677857,20.8042539
Cenpj,0.171587935,0.930541708
Nfkbiz,0.17154149,2.093718843
Slc28a1,0.171517901,0.332336324
Sorbs2,0.171489918,57.82652044
Camta1,0.171396565,62.61216351
Clasp2,0.171209858,56.19807245
Trip4,0.171023152,21.76802925
Gm42413,0.17100532,5.284147557
Nop58,0.170897533,7.577268195
Csnk1g1,0.170836445,36.59022931
Hsph1,0.170694026,10.60152875
Atp8b3,0.170597367,0.598205384
Cap2,0.17056738,19.14257228
Gnai1,0.170166981,14.78896643
Gm16432,0.169902913,22.59887006
Dock9,0.169809559,29.14589565
Syt4,0.169622853,26.91924227
Nmnat2,0.169436146,40.14622798
Adam22,0.169342793,46.19474909
Anks1b,0.16924944,82.95114656
Gatsl2,0.169050249,16.81621801
Sf3b1,0.16896938,27.48421402
Ptbp3,0.168945027,9.471585244
Cabin1,0.16891081,18.61083416
Tcp11,0.168806703,0.631439016
Dhx38,0.168789907,1.661681622
Tex9,0.168670157,10.70122964
Ino80,0.168595967,25.32402792
Nol4l,0.168502614,23.92821535
Lcor,0.168315907,36.45729478
Jakmip1,0.168222554,28.41475573
Tcaim,0.167992279,8.308408109
Tjp1,0.167755788,56.26453971
Cdk17,0.167343328,21.93419741
Trit1,0.167286658,7.344632768
Pola2,0.167212514,1.927550681
Celf4,0.167195668,74.04453307
Ndfip1,0.167102315,29.01296112
Srp72,0.167068817,8.773678963
Rabl6,0.167008962,27.81655035
4931406C07Rik,0.166992572,5.915586574
Ldlrad4,0.166915609,37.55400465
Uggt2,0.166728902,24.85875706
Lat2,0.166605236,0.764373546
Tln2,0.166542196,27.71684945
Mrps28,0.166424639,8.009305417
Klhdc8b,0.166351944,4.021269525
Rhpn2,0.166319803,1.09670987
Ssh3,0.16611088,8.640744433
Rgl2,0.166107489,14.09106015
Pak7,0.165982076,36.889332
Stau2,0.165888723,42.0073114
Gm44257,0.165746972,4.918577601
Zfp935,0.165723009,5.782652044
Taz,0.165702016,24.16085078
Tmem109,0.165174601,4.054503157
Med11,0.165158868,0.631439016
Srgap3,0.16495519,44.30043204
Vwc2l,0.164768484,22.93120638
Mllt4,0.164675131,26.18810236
Nlrc5,0.164328796,0.797607178
Jazf1,0.164208364,34.36357594
Ubxn4,0.164115011,29.21236291
Cul9,0.163928305,22.20006647
Mbtd1,0.163648245,35.32735128
Slc41a2,0.163414271,13.45962114
Gm1043,0.163181479,19.94017946
Kcnh7,0.162901419,67.29810568
Sfi1,0.162621359,19.80724493
Sema4a,0.162613498,7.577268195
Casc4,0.162528006,31.50548355
Cacna1a,0.162434653,65.76935859
Gabrg3,0.162341299,71.41907611
Chic1,0.162247946,23.69557993
Smim14,0.16206124,18.04586241
Iqcb1,0.161967886,24.02791625
Trmt2a,0.161963057,8.906613493
Srr,0.161594473,22.93120638
Map3k14,0.161490485,10.9670987
Aste1,0.161430371,6.048521103
Spop,0.161314414,34.66267863
Smim8,0.161208582,4.08773679
Phf1,0.161016064,15.95214357
Dapk1,0.160847647,32.86806248
Bcr,0.16079031,16.0850781
Gm5148,0.160781828,1.030242606
Rock2,0.160754294,28.24858757
Izumo4,0.160685654,21.33599202
Golgb1,0.160567588,25.42372881
Meg3,0.160474235,99.76736457
RP23-231J2.1,0.160007468,52.24327019
Fgd6,0.159931613,1.429046195
Grik5,0.159727409,21.96743104
Unc5a,0.159662295,3.921568627
Bcdin3d,0.159537139,1.661681622
Gm44127,0.15937954,0.564971751
Agtpbp1,0.158980583,20.97042207
Pfkfb4,0.158964253,9.670987039
Osbp2,0.158942991,10.73446328
Stox1,0.158711004,4.619474909
Rabgap1,0.15860717,43.50282486
Fhod3,0.158420463,25.15785975
Pum1,0.15832711,38.2186773
Gzf1,0.158226674,3.622465936
Map6,0.157953697,29.6111665
Ip6k2,0.157798433,14.19076105
Gls,0.15776699,40.97706879
Ube2i,0.157634333,8.009305417
Arid1b,0.157580284,31.67165171
Usp20,0.157486931,19.94017946
Cnrip1,0.157393577,22.69857095
Dnaja1,0.157331975,13.39315387
Bclaf1,0.157020164,32.96776338
Cnih2,0.157004703,4.818876703
Gnaq,0.156926811,46.85942173
Ybx1,0.156825854,13.5260884
Sik3,0.156366692,49.88368229
Top1,0.156273338,36.02525756
Rbm15,0.156028037,2.160186108
Jmjd1c,0.155899925,45.4968428
Aspdh,0.155898547,0.797607178
Rad51c,0.155865697,4.486540379
Capn13,0.155850978,0.099700897
Thap3,0.155806572,25.45696245
Gm27040,0.155751238,0.265869059
Evpl,0.155653287,1.395812562
Srrm1,0.155339806,33.33333333
Hnrnpr,0.155153099,35.12794948
Chd9,0.15487304,62.24659355
Luc7l,0.154499627,20.03988036
Thada,0.154219567,24.62612164
Resp18,0.154126214,46.79295447
Shank1,0.15403286,32.33632436
Abr,0.153939507,46.32768362
Akt3,0.153846154,53.87171818
Gm14264,0.153835542,0.864074443
Akap8l,0.153752801,42.20671319
Enah,0.153659447,42.0073114
Nova1,0.153566094,22.93120638
Dock11,0.153472741,23.09737454
Vat1,0.153462157,5.616483882
Fam118a,0.153224792,6.247922898
Tshz2,0.153192681,54.17082087
Hacd3,0.152912621,23.19707544
Uros,0.152801646,5.417082087
Polr3d,0.152705144,3.323363244
Sybu,0.152539208,51.24626122
4930524B15Rik,0.152477868,0.199401795
Fbxl2,0.152445855,25.15785975
4930500L23Rik,0.152210121,0.631439016
Khdrbs1,0.152106917,18.444666
Gm14320,0.152059763,2.226653373
Mdn1,0.151979089,23.39647723
Snx10,0.151605676,18.57760053
Dzank1,0.151512323,31.60518445
Guk1,0.151395541,6.54702559
Slit3,0.151325616,37.1884347
Dnah6,0.151092445,1.927550681
Birc6,0.150485437,44.40013293
Spata7,0.150392084,28.91326022
Arxes2,0.150311626,7.809903622
Sncaip,0.15029873,18.87670322
Mef2a,0.150112024,26.05516783
Idh2,0.150012608,10.20272516
Gpm6a,0.149831964,46.26121635
Hk1,0.149738611,20.13958126
Rbm25,0.149645258,49.65104686
Ddx5,0.149365198,31.13991359
F11r,0.149351972,0.631439016
Bco1,0.149333606,0.697906281
Gm13427,0.1492478,7.244931871
Calu,0.149187996,7.942838152
Clca3a2,0.149076517,0.066467265
Gatad2b,0.148991785,29.24559654
Kpna2,0.148805449,0.864074443
Gkap1,0.148618372,24.72582253
Wdr45,0.148545706,0.332336324
Sil1,0.148525019,19.34197408
Tcaf1,0.148431665,32.23662346
Srsf11,0.148338312,36.59022931
Tecpr2,0.148244959,19.54137587
Gbas,0.148058252,18.67730143
Madd,0.147871546,20.17281489
Ctnna3,0.147684839,44.59953473
Krcc1,0.147447218,7.809903622
Fto,0.14740478,38.58424726
Gga1,0.14740329,9.504818877
Ctdspl,0.146938013,17.2150216
Lmtk3,0.146811419,13.69225656
Best3,0.146688325,0.232635427
Cul4b,0.146675538,11.1665005
Pnn,0.146471247,27.55068129
Kcnd2,0.146377894,87.73678963
Vti1b,0.145817774,25.62313061
Bex2,0.145724421,22.49916916
Svop,0.145631068,27.94948488
Kank4,0.145515107,3.024260552
Zcchc12,0.145506015,13.16051844
Gm21092,0.145444361,60.58491193
RP24-445D7.2,0.145277832,2.791625125
Dnajb2,0.145045671,7.411100033
1810022K09Rik,0.144977595,21.20305749
Gpr89,0.144946877,7.510800931
Mical3,0.144790889,40.17946162
Tmem39b,0.144390965,8.707211698
Arid1a,0.144324122,18.11232968
Rab9b,0.144110648,5.516782984
Mgat5,0.144044063,25.9222333
Dner,0.143857356,36.95579927
Gm37240,0.143764003,28.94649385
Pakap,0.143675274,7.976071785
Chd8,0.143577296,26.98570954
Ranbp3l,0.143534459,0.498504487
6330403K07Rik,0.143483943,27.51744766
Pak3,0.143297237,53.27351279
Cfap36,0.143203883,19.07610502
Nrxn2,0.14311053,33.43303423
Stx2,0.143043431,9.00631439
Gart,0.143011731,8.441342639
A930015D03Rik,0.142923824,40.17946162
Atp9b,0.142830471,30.47524094
Stim1,0.142737117,32.93452974
Atxn2l,0.142643764,25.15785975
Scap,0.142601069,11.86440678
Uty,0.142550411,35.6596876
Ccnl1,0.142286535,12.06380857
Ddr1,0.14228561,13.06081755
2310035C23Rik,0.141990291,32.40279163
Safb2,0.141710232,20.20604852
Ddrgk1,0.141650171,10.00332336
Isyna1,0.141576701,5.117979395
Nlrx1,0.141153323,1.2296444
Gga2,0.141072279,9.00631439
Spcs2,0.141056759,19.5746095
Sept3,0.140929856,13.59255567
Ralgapa1,0.140589993,52.77500831
Macf1,0.140496639,75.14124294
Ggps1,0.140309933,19.14257228
Rsrc1,0.14021658,27.75008308
Stxbp6,0.140123226,12.59554669
Zfp804b,0.140029873,42.40611499
Cenpv,0.13993652,17.58059156
Trp53bp1,0.139843167,24.36025258
Dip2c,0.139749813,62.64539714
Pdzd4,0.13965646,35.19441675
Ash1l,0.139563107,37.78664008
Tmem150c,0.139410664,11.96410768
Fggy,0.139002987,17.54735793
Gm43782,0.138852243,0.033233632
Rlf,0.138816281,26.85277501
1700019D03Rik,0.138798219,4.453306746
Obfc1,0.138760015,4.453306746
Tgfbr3,0.138722928,16.71651712
Iqsec2,0.138629574,16.184779
Tanc2,0.138442868,67.06547026
Pir,0.138167204,4.852110336
Ccdc40,0.137927831,3.423064141
Taok1,0.137789395,31.73811898
Myh6,0.13778275,2.193419741
Abi2,0.137696042,30.77434364
Hccs,0.137686139,2.858092389
Tia1,0.137602689,30.54170821
Thnsl2,0.137459181,1.329345297
Nf1,0.137415982,48.52110336
Nsg1,0.137322629,22.2333001
Rsph3a,0.137029519,4.852110336
Robo2,0.136855863,64.97175141
Ccdc182,0.136821982,0.033233632
Trim2,0.13648245,46.19474909
Cdc42,0.136389096,26.62013958
Phc2,0.136295743,30.24260552
Slit2,0.13620239,44.93187105
4930447C04Rik,0.136171875,20.43868395
Dennd1b,0.136109037,25.05815886
Usp9x,0.13592233,34.56297773
Thegl,0.135845458,0.365569957
4930555F03Rik,0.135828977,35.19441675
Hoxb7,0.135601151,0.398803589
Srsf7,0.135548917,22.59887006
Large,0.135268857,60.05317381
Iqck,0.135268605,3.356596876
Fxyd6,0.134988798,18.90993686
Farp1,0.134895444,32.86806248
Klhdc10,0.134802091,30.74111
Kdm5c,0.134708738,34.76237953
Pxmp4,0.134654483,5.882352941
Nrd1,0.134522031,23.5626454
Qrich1,0.134428678,28.61415753
Cdkl4,0.134405438,2.193419741
Sik2,0.134335325,28.97972748
2700046G09Rik,0.134239359,1.661681622
Hmgn3,0.134148618,21.63509472
Fam219a,0.134055265,32.00398804
Eml4,0.133961912,22.1335992
C2cd3,0.133588499,15.12130276
Platr19,0.133575198,0.033233632
Gm13830,0.133497303,10.36889332
Lgr4,0.133452994,10.036557
Pafah1b1,0.133308439,51.67829844
Txlng,0.133215086,22.83150548
Dhx32,0.133121733,10.30242606
Gm42806,0.133083651,0.033233632
Glt8d1,0.133028379,16.31771353
Ccdc64,0.132935026,18.77700233
Csnk1a1,0.132841673,32.80159521
Cpt1c,0.13274832,18.21203057
Podxl2,0.132654966,18.6440678
Tmod2,0.132561613,21.70156198
Gm36975,0.132380404,12.66201396
Cdk4,0.132219175,4.885343968
Hnrnpa2b1,0.132094847,24.19408441
Gnl2,0.131918519,12.06380857
Luc7l2,0.131814787,63.47623795
Tnfrsf11b,0.131779329,0.697906281
Lrrc4,0.131654643,11.36590229
Nmi,0.131639188,1.827849784
Dlg1,0.131534727,35.22765038
4833422C13Rik,0.131488904,2.027251579
Dgkh,0.131441374,18.81023596
Mark3,0.131348021,38.28514457
Neil2,0.131274993,1.927550681
Adcy2,0.131254668,32.00398804
Cep126,0.131161314,17.44765703
Dtnbos,0.131067961,16.55034895
Celf1,0.130974608,31.80458624
Dnajc6,0.130881255,49.11930874
Shq1,0.13076411,5.284147557
Sbno1,0.130601195,31.9707544
Pias1,0.130414488,29.47823197
Map7,0.130321135,19.00963775
Atg10,0.130227782,18.07909605
Camk2b,0.130134429,26.95247591
Fgd4,0.129854369,29.74410103
Kcnj6,0.129574309,16.71651712
Gm44071,0.129501385,0.365569957
Kif21a,0.129480956,43.93486208
Pnisr,0.129294249,55.46693254
Setd2,0.129200896,23.62911266
Unk,0.129149364,11.10003323
Ndn,0.129107543,17.44765703
Wsb1,0.128920836,27.55068129
Zdhhc22,0.128512342,1.063476238
Akap7,0.128360717,13.06081755
2610020C07Rik,0.128345252,3.256895979
Kif5b,0.12817401,33.76537056
Rgag4,0.128026762,4.021269525
Mrps12,0.127866196,7.444333666
Lrrc16b,0.127800597,14.52309737
Atcay,0.127613891,19.5746095
Cd52,0.127549379,2.691924227
Slc8a3,0.127333831,29.21236291
1520401A03Rik,0.127324347,0.465270854
Armc3,0.127251836,2.558989698
Nek3,0.127244457,2.991026919
Rsrc2,0.126960418,26.42073779
Fam189b,0.126818873,9.936856098
Papola,0.126773712,28.481223
1110046J04Rik,0.126410369,13.5260884
Acadsb,0.126400299,32.40279163
Mga,0.126213592,21.63509472
Cep83os,0.126208094,5.915586574
Ppp1r15a,0.126187328,1.196410768
Tmem72,0.125756742,0.166168162
Phf3,0.125746826,19.07610502
Gsk3b,0.125653473,40.07976072
Eif4g1,0.125373413,33.00099701
Sptbn1,0.125,47.75672981
Mtcl1,0.124906647,16.68328348
Kcnmb4,0.124805812,2.392821535
Vamp4,0.12471994,20.00664673
Tmx4,0.124626587,29.94350282
Tmem178b,0.124533234,66.83283483
Anapc15,0.124499666,2.59222333
Itga1,0.124275178,1.861083416
Ilf3,0.124253174,14.7557328
Sertad2,0.124159821,14.9551346
Rif1,0.124136958,11.36590229
Pitpnm1,0.123909355,11.96410768
Sltm,0.123879761,45.13127285
Ankrd44,0.123786408,18.47789963
Fam214a,0.123693055,16.55034895
Gm26771,0.123441828,2.259887006
Lama3,0.123145266,2.691924227
Gm26521,0.123089418,3.456297773
Ankrd10,0.122759522,16.184779
Gm14064,0.122749307,1.129943503
Nap1l5,0.122479462,35.39381854
1700010K24Rik,0.12245129,3.190428714
Ube3a,0.122292756,85.94217348
Thnsl1,0.122159321,3.223662346
Arid4a,0.122012696,19.24227318
Srsf5,0.121919343,28.68062479
Medag,0.121903756,0.997008973
Itfg1,0.121732636,34.76237953
Prkd2,0.12170556,5.05151213
Hes6,0.121687372,2.027251579
Camk2g,0.121639283,23.33000997
Mfap3l,0.121517743,5.483549352
Stip1,0.121452577,14.25722832
Snrpg,0.121385483,3.555998671
Smg6,0.121359223,43.30342306
Hdac4,0.12126587,16.25124626
Zmynd8,0.121172517,50.84745763
Jarid2,0.120612397,23.13060818
Cnbp,0.120441567,10.93386507
Herc2,0.120425691,28.41475573
Exoc4,0.120332338,60.15287471
Pacs1,0.120238984,39.38185444
Lancl1,0.120145631,19.64107677
Cux1,0.119865571,32.43602526
Atp6v0b,0.119678865,44.00132935
Dcaf15,0.119577959,4.287138584
Samd4b,0.119556226,10.76769691
Adam19,0.11953213,8.806912596
Dock7,0.119492158,35.39381854
Fam193b,0.119398805,22.96444001
Itgb3,0.119338443,0.764373546
Sesn1,0.119305452,27.55068129
Zfp946,0.119161882,2.126952476
Casq1,0.118767313,0.365569957
Prr36,0.118739681,1.694915254
Rbm6,0.118651979,50.54835494
Naa35,0.118185213,12.69524759
Brd8,0.117998506,18.04586241
Bbs7,0.117718447,14.7557328
Gm26733,0.117625093,43.60252576
Fam117b,0.117438387,23.39647723
Aff4,0.11725168,40.11299435
4930402H24Rik,0.117064974,64.87205052
Itch,0.116691561,33.10069791
Gm38165,0.116675839,0.697906281
Zmym4,0.116598208,41.30940512
Nup98,0.116411501,21.83449651
Cnot10,0.115851382,19.24227318
Ap3b2,0.115758028,21.03688933
Zc3h14,0.115664675,13.79195746
Ptpn12,0.115571322,26.75307411
Ppp1r2,0.115384615,14.78896643
Arid4b,0.115291262,42.27318046
Adamts2,0.115198217,10.60152875
Mchr1,0.115166834,0.631439016
Fblim1,0.115106615,0.830840811
Anapc4,0.115104556,12.69524759
Tmem175,0.115011202,22.49916916
Naf1,0.11496188,3.123961449
Chd5,0.114917849,16.61681622
Cntn1,0.114824496,62.21335992
Zfp286,0.114730886,6.41409106
Plppr2,0.114637789,14.98836823
Yeats2,0.114544436,20.23928215
Dmtn,0.11435773,18.97640412
Kcnh5,0.114264376,18.04586241
Ggnbp2,0.11407767,28.21535394
Invs,0.113984317,16.05184447
Trim39,0.113811614,3.456297773
Ulk2,0.11351755,38.75041542
Nae1,0.113424197,12.99435028
Phip,0.113237491,35.12794948
Gm14525,0.113236103,0.365569957
Unc79,0.113144137,53.70555002
Arfgef3,0.113050784,25.29079428
Brd4,0.112957431,26.81954138
Ninl,0.112916656,3.95480226
Spag6l,0.112782952,11.73147225
Lrrtm2,0.112779745,2.72515786
Rev3l,0.112397311,42.30641409
Atrx,0.112303958,36.42406115
Ywhah,0.112117252,17.24825523
Senp7,0.112023898,29.67763377
Rad9a,0.112021715,2.126952476
Adgrg3,0.111997799,0.598205384
5730522E02Rik,0.111930545,30.24260552
Dcaf6,0.111650485,31.77135261
Tcte2,0.111463779,25.32402792
Srrm2,0.111370426,61.38251911
Safb,0.111277072,17.71352609
Rsf1,0.111090366,29.97673646
Enkd1,0.111048082,2.093718843
Vmac,0.110970928,1.827849784
Nfx1,0.110903659,18.11232968
Gm26652,0.110872405,1.861083416
Hoxb5os,0.110629508,3.655699568
Scmh1,0.110436893,44.49983383
Eif2ak4,0.11034354,14.29046195
Myo9a,0.110156833,52.54237288
1700125H20Rik,0.110071547,0.398803589
Pick1,0.109876774,9.737454304
Pld3,0.10978342,20.20604852
Sergef,0.109503361,20.70455301
Srsf4,0.10937281,8.840146228
Rgs11,0.109223301,16.11831173
Xiap,0.109129948,17.18178797
Ksr2,0.108849888,41.64174144
Vstm2l,0.108838328,11.23296776
Txndc16,0.108663181,12.79494849
Fubp1,0.108569828,31.17314722
Tvp23a,0.108555494,7.244931871
Skap2,0.108383122,19.80724493
Rbm26,0.108289768,42.57228315
Sgsm3,0.108196415,12.296444
Mrpl13,0.108054613,4.187437687
Stag1,0.108009709,55.26753074
Ankrd13d,0.107916355,10.76769691
Gm15918,0.107686981,1.296111665
Zfp280d,0.107636296,30.37554005
Fhitos,0.107519186,1.661681622
St7l,0.107449589,14.02459289
Dnajc1,0.107356236,33.69890329
Baz2b,0.107262883,46.46061815
Trip12,0.107169529,35.26088401
Pik3r1,0.107076176,14.05782652
Cit,0.106982823,43.83516118
Hirip3,0.106932576,4.120970422
Gm31373,0.106903359,0.033233632
Gm11077,0.106898128,1.728148887
Msmo1,0.106796117,16.15154536
Ccdc88a,0.106702763,49.65104686
E430024P14Rik,0.106588705,6.613492855
Fbxl17,0.106516057,55.83250249
Ankfy1,0.10632935,17.38118976
Neo1,0.106235997,28.81355932
Gpd2,0.106103905,10.06979063
E130006D01Rik,0.10598455,0.531738119
Wipf2,0.105769231,18.81023596
Tef,0.105675878,11.63177135
Pank1,0.105582912,8.806912596
Mllt6,0.105577643,11.66500499
Slc29a1,0.105490259,4.353605849
Plekhm3,0.105022405,21.56862745
Atg16l1,0.104929052,22.00066467
Acin1,0.104835698,23.79528082
Adcy9,0.104742345,22.06713194
Iqce,0.104648992,13.6257893
Ssr4,0.104368932,13.12728481
Ctnna1,0.104209096,5.516782984
Gm26836,0.104182226,19.90694583
Tsta3,0.10418166,5.483549352
Apoe,0.104088872,39.41508807
G3bp2,0.103902166,15.85244267
Ccnjl,0.103832202,3.522765038
Gm9268,0.103704986,0.432037222
Gmds,0.103528753,42.53904952
Memo1,0.1034354,17.01561981
Rnf138,0.103061987,19.64107677
9030624J02Rik,0.102968633,17.34795613
Ergic2,0.10287528,17.51412429
Dennd1c,0.10284429,0.432037222
Kif1b,0.102688574,56.49717514
Cobl,0.10259522,19.24227318
Snx4,0.102501867,10.53506148
1700022A22Rik,0.102442479,2.426055168
Strbp,0.102315161,75.00830841
Stat3,0.102221807,19.24227318
Por,0.102128454,17.1153207
Adgrl2,0.102035101,20.97042207
Trim9,0.101941748,31.83781987
Gigyf1,0.101755041,10.83416417
Gm37168,0.101627424,0.564971751
Mapk1ip1l,0.101568335,9.870388833
Zfp532,0.101474981,27.11864407
Stx17,0.101463113,7.145230974
Kdm5d,0.101194922,13.7254902
Fbxl12os,0.101134245,8.374875374
Mycbp2,0.101008215,58.88999668
Dstn,0.100914862,10.66799601
Zfand3,0.100821509,28.14888667
Fus,0.100728155,56.92921236
Ldha,0.100695839,8.241940844
S100b,0.100634802,13.12728481
Gm16876,0.100577876,0.930541708
Ebf4,0.100562514,8.275174477
Gm20708,0.100507461,2.824858757
Nudt17,0.100415512,1.994017946
Zfp612,0.100354742,18.31173147
Sec11a,0.100261389,14.32369558
Gm28960,0.100168036,8.673978066
Fam120b,0.099887976,27.0521768
Chchd4,0.099675375,6.314390163
Rc3h1,0.099514563,23.09737454
Cdc14a,0.099424945,1.894317049
Pkig,0.099327857,13.19375208
Slc12a7,0.099191267,0.731139914
Kdm5a,0.09914115,20.77102027
Gm11417,0.099047797,16.98238617
Mybpc2,0.098926802,0.099700897
Xlr5a,0.09886109,39.94682619
Nptn,0.098767737,39.4483217
Tet1,0.098581031,13.89165836
Tbck,0.098487677,19.6743104
Cers4,0.098394324,27.81655035
Scarf1,0.09833795,0.332336324
Aplp1,0.098300971,28.41475573
Psmd1,0.098207618,26.05516783
Mtmr1,0.098114264,16.15154536
Pabpc4,0.098020911,13.99135926
Hnrnpl,0.097927558,19.47490861
Mettl13,0.097883733,2.72515786
Rpl41,0.097834205,27.91625125
Maf,0.09781856,1.927550681
Gm11110,0.097472299,1.429046195
Amz2,0.097367438,9.205716185
Gm5441,0.097342828,3.655699568
Ctnnbl1,0.097087379,17.51412429
Cstf3,0.096900672,29.31206381
Gm15834,0.096807319,9.637753406
Pif1,0.096779778,0.365569957
Ccni,0.096620612,12.86141575
Kmt2a,0.096527259,30.8408109
Bzrap1,0.096153846,17.58059156
Tspyl2,0.096060493,18.41143237
Slc38a6,0.09596714,13.35992024
Anxa9,0.095899835,0.697906281
Gm10069,0.095873786,10.20272516
Ucp2,0.095708315,1.163177135
AI846148,0.09540702,15.02160186
Fzr1,0.095103944,5.117979395
Phykpl,0.095095682,5.583250249
Clmn,0.095044294,7.809903622
Bre,0.095033607,23.03090728
Tcerg1,0.094940254,17.51412429
Zfp947,0.094875346,1.329345297
Smarcad1,0.094846901,19.70754403
Map9,0.094661736,6.580259222
Ptpn9,0.094660194,33.16716517
Ubb,0.094473488,47.88966434
Dok5,0.094286781,15.58657361
Insig2,0.094193428,11.59853772
Pdcd11,0.094006721,10.43536058
Tbx15,0.093836565,0.531738119
Sugp2,0.093726662,17.68029246
Serpinb6a,0.093539955,19.5746095
Gm28198,0.093446602,24.19408441
Mta3,0.093259895,17.1153207
Sept6,0.093166542,12.86141575
Hoxd3,0.093148046,1.960784314
Ttc39c,0.093030802,6.945829179
Ube2r2,0.092979836,23.49617813
Ak7,0.09281136,3.522765038
Epdr1,0.092606423,11.03356597
Setd5,0.092513069,42.20671319
Zscan26,0.092326363,24.32701894
Fam20c,0.092139656,9.504818877
Kansl1,0.09195295,60.71784646
Zfp40,0.09167289,11.36590229
Shoc2,0.091579537,20.10634762
Fam178a,0.09139283,23.66234629
Man1c1,0.091299477,10.43536058
Cd247,0.091221794,0.398803589
Cept1,0.091112771,12.92788302
Gm14211,0.091057026,3.788634098
Dph6,0.091019417,15.12130276
Asphd2,0.090915737,5.31738119
Camk1,0.090832711,13.22698571
Ctxn2,0.090591133,5.383848455
Bscl2,0.090552651,14.12429379
Plxnc1,0.090459298,16.45064806
Lsp1,0.090396258,0.265869059
Sp3,0.090179238,9.338650715
Kcnk9,0.090132989,0.830840811
Epn2,0.089899178,16.61681622
Dzip1,0.089805825,19.24227318
Dntt,0.08968144,0.265869059
Wnk3,0.089619119,18.61083416
Prpf6,0.089525765,22.89797275
Ric8b,0.089339059,13.82519109
Rccd1,0.089177117,5.782652044
Gm13619,0.08916205,0.332336324
Sft2d2,0.089159668,1.163177135
Mrps5,0.089152353,10.16949153
5031425F14Rik,0.089050132,0.033233632
Cmtm3,0.088943279,1.063476238
Scai,0.08877894,31.70488534
Gpi1,0.088685586,23.96144899
Ralgps1,0.08849888,34.46327684
Syt16,0.088405527,33.10069791
Hdac9,0.088312173,11.96410768
Smarca5,0.08821882,13.65902293
Fsd1,0.088125467,17.84646062
Ovgp1,0.088057237,2.72515786
Gabra3,0.08793876,22.56563642
4930467D21Rik,0.087919648,1.329345297
Cnot6l,0.087658701,14.78896643
Gm14002,0.087644469,0.199401795
Smarcc1,0.087565347,21.86773014
Pde8b,0.087471994,32.40279163
Alox8,0.087430748,0.199401795
Irak1,0.087417996,9.670987039
Scrn1,0.087378641,13.12728481
4933427D14Rik,0.087285288,8.740445331
Arhgap5,0.087098581,30.44200731
Psme1,0.087034616,3.090727817
Kdm4d,0.087030664,4.453306746
Hps5,0.087002196,6.28115653
Xpnpep3,0.086911875,9.704220671
Pias2,0.086818521,21.86773014
Gm10475,0.086738227,0.199401795
Metap1,0.086635822,3.82186773
Sbf2,0.086631815,42.53904952
Rnh1,0.08654066,5.849119309
Rprd2,0.086351755,22.10036557
Adgrb2,0.086258402,11.10003323
Dusp1,0.086218837,1.2296444
Zfp207,0.086165049,28.81355932
Gpatch1,0.086071695,15.78597541
Rab24,0.085884989,14.68926554
Rfx8,0.085872576,0.232635427
Gnao1,0.085698282,34.92854769
Ambra1,0.085604929,50.6148222
Kif2a,0.085511576,26.42073779
Eya3,0.085418223,18.51113327
Ank2,0.085324869,91.59189099
Mycbp,0.085231516,11.2662014
Pcm1,0.085138163,33.79860419
Rundc3b,0.08504481,23.62911266
Cilp,0.08489268,0.465270854
Rrp12,0.084882302,2.492522433
Ubap2l,0.084858103,29.34529744
Zfp28,0.084817001,2.791625125
Doc2b,0.084811812,3.456297773
Sec23a,0.08476475,17.04885344
Cr1l,0.084578043,9.371884347
Ehmt2,0.084297984,10.86739781
Ppp1r9a,0.08420463,45.43037554
Ankrd34b,0.084141274,1.129943503
March7,0.084111277,25.09139249
Tro,0.084017924,14.68926554
Fam229b,0.083924571,8.541043536
Cep112,0.083831217,35.22765038
Trmt2b,0.083826585,4.818876703
Grid1,0.083551158,56.82951147
Fbxo10,0.083457804,14.7557328
Tpm3,0.083364451,14.9551346
Mapkbp1,0.083271098,13.02758391
Eya1,0.083153027,4.154204055
Ift46,0.083147489,6.713193752
Hsp90ab1,0.082897685,27.58391492
Gm42851,0.082810282,6.447324693
Evl,0.082804332,29.87703556
Palm2,0.082710978,27.45098039
Prkar2a,0.082524272,15.02160186
Pdzk1ip1,0.082453826,0.099700897
Nprl3,0.082430919,10.036557
Cdyl,0.08241083,4.619474909
Dis3l2,0.082337565,30.04320372
Mgmt,0.082236842,1.894317049
Fchsd2,0.082150859,46.89265537
Gen1,0.082063712,0.398803589
Ptbp2,0.082057506,25.78929877
Pcdh1,0.081995647,4.553007644
Fbxo25,0.081964152,9.770687936
Klhl7,0.081777446,28.18212031
Rad9b,0.08175335,8.973080758
Ak4,0.081452944,2.126952476
Tbc1d22b,0.081404033,9.106015287
Tirap,0.081371191,0.697906281
U2af2,0.081273174,6.912595547
Wac,0.080937267,26.45397142
E2f7,0.080764997,0.199401795
Hook1,0.08075056,14.22399468
Tmem218,0.080623501,3.323363244
Gm15860,0.080599204,2.824858757
Capzb,0.080563854,14.22399468
Ptk2b,0.080425693,0.564971751
Gprin3,0.080377147,12.32967763
Ppp6r3,0.080283794,24.12761715
Spag9,0.080190441,44.40013293
Ptp4a3,0.079960365,3.323363244
Drg1,0.079817028,39.11598538
Dguok,0.079723674,8.574277168
Caprin1,0.079630321,21.40245929
Kdm7a,0.079536968,13.02758391
Kcnj9,0.079499822,3.788634098
Rplp2,0.079393677,1.894317049
Slc38a1,0.079256908,21.83449651
Txlna,0.079242625,4.652708541
Agfg2,0.079163555,11.89764041
Cep290,0.078976848,14.52309737
Galk2,0.078883495,14.29046195
Gramd1c,0.078833028,0.897308076
Tada2a,0.078696789,13.79195746
Baz1b,0.078603435,18.21203057
Hmgxb3,0.078510082,8.541043536
Gmpr2,0.078323376,8.707211698
2810403A07Rik,0.078230022,18.21203057
Capn10,0.078043316,11.99734131
Pbx1,0.077949963,57.56065138
2810004N23Rik,0.077903312,6.347623795
Xirp2,0.077735457,0.099700897
Flot2,0.07757655,20.57161848
9230110C19Rik,0.077518596,7.278165503
Pex14,0.077389843,17.61382519
Adrb3,0.077389197,0.299102692
Tmem260,0.07729649,14.6560319
Zbtb11,0.077203137,21.30275839
Morf4l2,0.076829724,15.35393819
Trappc13,0.076643017,9.172482552
Bin1,0.076456311,26.0219342
Ppox,0.076378525,7.012296444
Iqsec1,0.076362957,25.98870056
Hdx,0.076269604,18.04586241
Aard,0.076224546,2.259887006
Lrrc4b,0.076082898,12.09704221
Abhd16a,0.075989544,17.84646062
Usp22,0.075896191,13.55932203
Fgf3,0.07585752,0.033233632
Aldh6a1,0.075801965,5.716184779
Glg1,0.075709485,51.17979395
Xrn1,0.075616131,29.37853107
Acot7,0.075522778,21.86773014
Gm16062,0.075484765,1.661681622
Gabrb3,0.075429425,66.96576936
Fbxo16,0.075392536,5.849119309
Ncor1,0.075336072,45.7959455
Oprl1,0.075185432,4.021269525
Zmym3,0.075149365,10.46859422
Son,0.074962659,48.02259887
Psmd11,0.074869305,23.86174809
Wdr33,0.074775952,35.16118312
Mylip,0.074589246,22.93120638
2810001G20Rik,0.07454565,3.024260552
Tbc1d32,0.074495892,12.296444
Kptn,0.074487672,5.649717514
Sirt5,0.074402539,8.408109006
Dzip3,0.074309186,29.6111665
Smarcc2,0.074215833,21.07012296
Ywhae,0.074122479,28.64739116
Ypel5,0.074053997,4.519774011
2310033P09Rik,0.07356236,7.942838152
Klhl22,0.073469007,15.05483549
Tacc2,0.073375653,12.46261216
Stx18,0.0732823,13.32668661
Numa1,0.073188947,13.82519109
Map3k6,0.073060942,0.432037222
Cnot7,0.073027261,7.012296444
Ift74,0.07300224,11.33266866
Trpv2,0.072908887,10.70122964
Shank3,0.072815534,13.39315387
Gabarapl2,0.072722181,27.55068129
Acot12,0.072714681,0.531738119
Fam234a,0.072535474,10.73446328
Dad1,0.072255414,13.39315387
Golga3,0.072162061,9.803921569
Abhd18,0.072068708,28.81355932
Med13l,0.071975355,20.40545032
Arhgap39,0.071882001,28.11565304
Vwa5b2,0.071788648,20.60485211
Hacl1,0.071721186,3.622465936
Mcf2l,0.071601942,21.90096378
Alkbh1,0.071508588,13.39315387
Ndufa7,0.071321882,9.936856098
Clasp1,0.071228529,32.56895979
Arxes1,0.071195955,4.885343968
Exoc8,0.071133737,3.223662346
Cst3,0.070948469,42.0073114
Alms1,0.070855116,14.55633101
Zswim7,0.070810249,3.522765038
Zfat,0.070575056,10.53506148
Med26,0.070440858,5.849119309
Zfp335os,0.07038835,7.809903622
Rims2,0.070294996,66.83283483
Phf12,0.070201643,17.24825523
Rap2c,0.070170611,2.226653373
Cep164,0.069921583,15.08806913
Zfp446,0.069895432,2.658690595
Dnpep,0.069818145,5.716184779
N4bp2l2,0.069734877,32.33632436
Sec62,0.06954817,32.63542705
Gm16894,0.069425208,3.356596876
Tsr2,0.06915222,3.190428714
Gpr180,0.069060215,4.054503157
Pex12,0.069050839,1.196410768
Mtf2,0.068707991,22.16683283
Hdac11,0.068614638,12.89464939
Zfp821,0.068521285,9.670987039
Stat5b,0.068427931,19.7740113
Marcksl1,0.068381948,2.326354271
Gm37459,0.068213296,1.861083416
Clk1,0.068147872,22.46593553
Zfp53,0.068054518,8.773678963
2310069G16Rik,0.067867812,10.06979063
Sppl3,0.067774459,22.26653373
Zc3h13,0.067681105,14.68926554
Epb41l4b,0.067587752,24.06114988
Prkar1b,0.067494399,24.82552343
Mms19,0.067214339,10.90063144
4933434E20Rik,0.067120986,15.05483549
Acp6,0.067111224,6.945829179
Phc1,0.067107011,4.985044865
Gm6277,0.067060604,3.6889332
Ep400,0.067027633,22.56563642
Gpx7,0.066730875,1.528747092
Mrps27,0.066625774,5.849119309
RP24-127M20.8,0.066467513,28.44798937
Pgap2,0.066280807,10.50182785
Zswim8,0.066187453,14.52309737
Zc3h3,0.066153287,6.945829179
Zcchc11,0.0660941,36.85609837
Phf20l1,0.065907394,34.19740778
Plxna2,0.06581404,29.94350282
Rnps1,0.065720687,17.94616152
3010026O09Rik,0.06555931,6.480558325
D430042O09Rik,0.065533981,13.26021934
Gnaz,0.065440627,8.175473579
Scarb1,0.065253921,8.541043536
Nyap1,0.065160568,7.876370887
Ltbr,0.065096953,0.498504487
Gm29480,0.065079802,1.595214357
Synj1,0.065067214,24.99169159
Map7d1,0.064973861,11.63177135
Gm4876,0.064787155,14.6560319
Slc11a2,0.064693801,6.945829179
Stub1,0.064600448,14.55633101
Numb,0.064507095,26.55367232
Sncg,0.064133682,18.51113327
Cyp26b1,0.064116676,0.332336324
Whrn,0.064040329,6.148222001
Tsc22d1,0.063573562,26.81954138
Sphk2,0.063566318,2.426055168
Irf2,0.063480209,16.51711532
Tbcel,0.063386856,8.374875374
Ssbp2,0.063293503,38.3183782
Tmem59l,0.063200149,22.49916916
Ccnt1,0.06292009,17.44765703
Panx3,0.062878371,0.033233632
Atp6v1b2,0.062826736,26.22133599
Abtb2,0.062733383,9.338650715
Wdr60,0.06264003,13.19375208
Yme1l1,0.062453323,18.11232968
Terf2,0.06235997,7.77666999
Ankef1,0.062201059,5.18444666
Pde7b,0.062173264,19.17580592
Dido1,0.06207991,10.63476238
A730049H05Rik,0.062005277,0.332336324
Rab1a,0.061986557,13.22698571
Katnal1,0.061944147,6.746427385
Ccnyl1,0.061931378,4.685942173
Tmem57,0.061893204,24.85875706
Fancb,0.061807479,0.564971751
Acad10,0.061799851,7.510800931
Zfp956,0.061613144,7.942838152
Ssb,0.061519791,12.99435028
Rcn1,0.061502477,1.827849784
Gm10371,0.061500285,3.256895979
Neurog2,0.061345646,0.033233632
3110056K07Rik,0.061053025,12.56231306
Taf1,0.060959671,18.14556331
Il17rd,0.060814529,1.429046195
Zkscan3,0.060772965,12.13027584
Tmem17,0.060757757,4.752409438
4930579F01Rik,0.060686016,0.033233632
Ppfia2,0.060679612,68.0292456
Ubxn7,0.060399552,16.84945165
Lrif1,0.060119492,13.95812562
Cfap20,0.059932786,10.30242606
Acyp2,0.059839432,30.64140911
Rptor,0.059746079,27.91625125
Psmb1,0.059559373,10.86739781
Slc35b1,0.059466019,11.86440678
Synm,0.059383657,0.930541708
Ppm1k,0.059372666,6.513791957
Ddx39,0.059323887,3.423064141
Srek1,0.059279313,22.83150548
Mpdz,0.058999253,15.71950814
Sfxn1,0.0589059,11.13326687
Fam214b,0.058812547,10.53506148
Gm29088,0.058637301,1.49551346
Matr3,0.05834578,18.41143237
Gm37679,0.058065721,9.371884347
Ckap5,0.057972367,29.34529744
Rbbp6,0.057879014,17.1153207
Gnb1,0.057785661,34.06447325
Nf2,0.057692308,13.12728481
Gm1305,0.057652355,0.531738119
Saraf,0.057598954,24.19408441
Ppp1r37,0.057505601,10.56829511
Pea15a,0.057412248,9.970089731
Dnttip1,0.057318895,11.36590229
Blvrb,0.057306094,2.259887006
Dph3,0.057284472,3.755400465
Ubr4,0.057225541,16.01861083
Ccnl2,0.057132188,21.83449651
Jund,0.057106602,5.151213028
Gm16070,0.056786704,1.994017946
Gm19710,0.056758775,19.54137587
Ptchd1,0.056665422,14.02459289
Ago2,0.056572069,14.52309737
Fam76a,0.056385362,12.32967763
Unc45a,0.056198656,11.79793951
Trim44,0.056105302,22.1335992
Zfp266,0.056011949,15.78597541
Adgra1,0.055825243,12.1967431
Rttn,0.055731889,12.09704221
RP23-51L15.5,0.055671521,5.217680292
Ubap2,0.055638536,16.51711532
Pawr,0.055462929,3.256895979
Cluap1,0.05545183,7.477567298
Ccl25,0.055358476,12.82818212
Zfp952,0.055228532,3.090727817
Morf4l1,0.05517177,22.73180459
Ipo9,0.055078417,14.19076105
Phtf1,0.054985063,16.68328348
Atp8a1,0.054798357,47.42439349
Cnot6,0.054705004,14.92190096
Stac3,0.054669353,3.123961449
Fmnl3,0.054623005,1.030242606
Epo,0.05461165,11.36590229
Mib2,0.054518297,12.59554669
Zfp438,0.054424944,6.746427385
Klrk1,0.054362881,0.332336324
Gm26694,0.054238237,39.21568627
Ppig,0.054051531,27.45098039
Raf1,0.053958178,18.97640412
Naa15,0.053864824,18.84346959
Mecp2,0.053771471,22.46593553
Sfrp4,0.053730198,0.664672649
Ccdc170,0.05367036,0.930541708
Dmc1,0.053659879,2.492522433
Dcakd,0.053584765,12.1967431
Psd,0.053398058,13.29345297
Prpsap1,0.053304705,10.40212695
Fgf12,0.053211352,45.43037554
9830147E19Rik,0.053117999,9.172482552
Nod2,0.053078554,0.299102692
Socs6,0.053024645,10.036557
Tpr,0.052837939,18.47789963
Per1,0.052748901,3.655699568
Wdr13,0.052744586,7.278165503
Erp29,0.052557879,11.76470588
Alg8,0.052469019,4.320372217
D630045J12Rik,0.052464526,18.51113327
Gm27003,0.052421214,5.882352941
Pkia,0.052277819,36.05849119
Pcyt2,0.052184466,32.56895979
Clock,0.052091113,26.98570954
Gm37640,0.052008806,0.963775341
Zmat4,0.05199776,28.58092389
Dkk3,0.051811053,5.749418411
Rsbn1,0.0517177,12.99435028
Srcin1,0.051624347,15.85244267
Usp4,0.051530993,14.72249917
Josd2,0.05143764,15.71950814
Zdhhc2,0.051344287,19.7740113
Plek,0.05131559,3.95480226
Gper1,0.051183269,0.199401795
Gm42477,0.051064227,13.29345297
Itgb3bp,0.050970874,16.55034895
Fbxw9,0.050937941,5.516782984
Uqcc1,0.050877521,16.45064806
Fbrsl1,0.050784167,10.76769691
Eif2s2,0.050690814,14.19076105
Snx1,0.050597461,14.98836823
Fam179b,0.050410754,12.16350947
Mtg2,0.050317401,10.26919242
Ano5,0.050224048,8.241940844
Pianp,0.050130695,10.80093054
Crcp,0.050037341,6.746427385
Cep68,0.049943988,9.371884347
Sumf2,0.049850635,7.012296444
Tiprl,0.049757282,8.541043536
Diablo,0.049570575,8.109006314
Ptges3,0.049477222,10.76769691
Cdhr3,0.049464259,0.731139914
Fbxo11,0.049383869,35.39381854
Setd3,0.049290515,14.25722832
Tmem216,0.049197162,8.574277168
Tvp23b,0.049103809,8.673978066
Snapc4,0.049010456,6.28115653
Znrf1,0.048917102,29.87703556
Nptx1,0.048844249,2.72515786
Nt5dc3,0.048730396,6.945829179
Thoc1,0.048637043,34.26387504
Myo1h,0.04856907,1.728148887
Pim2,0.048543689,8.607510801
Tlk1,0.048450336,17.58059156
Ankib1,0.048356983,22.76503822
Npdc1,0.04826363,20.9039548
Ndufb3,0.048170276,11.13326687
Eaf2,0.048076923,12.16350947
Creld2,0.048018712,3.190428714
Trim33,0.047890217,26.42073779
Hmgb1,0.047796863,15.02160186
Lpgat1,0.047516804,21.20305749
Marf1,0.04742345,25.52342971
A330070K13Rik,0.047264543,0.13293453
Phkg2,0.047236744,13.82519109
Metap1d,0.047050037,14.39016284
Wdpcp,0.046863331,13.89165836
Lig3,0.046805069,4.985044865
Eif4enif1,0.046769978,9.13924892
Ppip5k1,0.046676624,22.39946826
Arhgdig,0.046583271,9.637753406
Ift52,0.046489918,13.69225656
Gm26577,0.046225762,0.299102692
Gpr162,0.046209858,13.5260884
Tprkb,0.046116505,7.344632768
Kdm2a,0.046023152,33.10069791
Map3k3,0.045929798,21.30275839
Psph,0.045834813,2.691924227
Suv420h1,0.045743092,13.19375208
Oas1c,0.045706371,0.697906281
Rassf3,0.045561816,5.018278498
Sdhc,0.045556385,9.106015287
Pcmt1,0.045463032,26.78630774
Atat1,0.045369679,16.05184447
Ift57,0.045338595,5.117979395
Thoc2,0.045276326,29.77733466
Dcaf8,0.045182972,15.68627451
Vps13b,0.045089619,48.28846793
Tra2b,0.044996266,28.34828847
Pnpla2,0.044991745,1.196410768
Kndc1,0.044902913,12.89464939
Man2c1,0.044809559,10.10302426
Tmem136,0.044716566,2.625456962
Gm20387,0.04466759,0.963775341
Sumo2,0.044622853,20.40545032
Vezt,0.0445295,27.21834497
Timm9,0.044342793,17.2150216
Chst1,0.04424944,9.072781655
Arid5b,0.044062733,31.47224992
Gm16845,0.04405425,3.855101363
Amn1,0.04396938,18.81023596
Hist1h1c,0.043891029,2.824858757
Xpo6,0.043876027,19.47490861
Gm9833,0.043801939,2.558989698
Rtn3,0.043782674,60.28580924
Mycbpap,0.043632599,4.287138584
Zfp638,0.043595967,34.13094051
l7Rn6,0.043315907,7.278165503
Plgrkt,0.043222554,6.447324693
Ttc28,0.043129201,29.47823197
Lasp1,0.042942494,5.516782984
Rab10,0.042849141,21.73479561
Cep19,0.042755788,6.513791957
Ice2,0.042662435,7.111997341
Zfp407,0.042569081,23.19707544
Tgfa,0.042562967,2.027251579
Ppp1r12c,0.042382375,8.773678963
Aldoa,0.042289022,27.88301761
2700097O09Rik,0.042102315,12.52907943
Zfp950,0.042008962,27.41774676
Bbs5,0.041915609,11.23296776
A830011K09Rik,0.041827188,0.465270854
Phka1,0.041728902,19.44167498
Gm7221,0.041724377,3.057494184
Mtch1,0.041635549,15.45363908
Ep300,0.041355489,23.33000997
Tsc1,0.041262136,23.69557993
Magi1,0.041168783,49.51811233
Wfs1,0.041139241,2.027251579
Asb3,0.041075429,25.65636424
Gid4,0.04079537,12.72848122
Top1mt,0.040726472,1.827849784
Dnm3os,0.040685596,0.299102692
Wdr83,0.040608663,6.945829179
Akap8,0.04051531,21.1033566
RP23-106P7.5,0.040512465,0.864074443
Nme6,0.040473232,4.885343968
Chst11,0.040421957,11.46560319
Cc2d1a,0.040328603,6.67996012
RP23-21B1.5,0.040237467,0.066467265
Zyg11b,0.04023525,23.33000997
Usp32,0.040141897,35.62645397
Vps35,0.040048544,10.30242606
Pnpla1,0.040013196,3.95480226
Hspa8,0.039861837,38.4180791
H3f3b,0.039768484,19.17580592
Gm2237,0.039763346,1.462279827
Ints3,0.039675131,11.83117315
Gm16638,0.039605524,3.82186773
AW554918,0.039581777,21.83449651
Cage1,0.039562254,6.912595547
Pdk1,0.039488424,5.915586574
4930570G19Rik,0.039439307,7.444333666
Usp14,0.039395071,22.00066467
Igfbp5,0.039350578,3.157195081
Zcchc7,0.039208364,46.66001994
Cramp1l,0.039115011,14.78896643
Nktr,0.039021658,43.20372217
Pcdh19,0.038834951,19.20903955
Mfsd11,0.038741598,13.82519109
Pde1a,0.038648245,28.84679295
Sdf2l1,0.038387452,3.223662346
Trpc4ap,0.038368185,17.3147225
Gm6712,0.038142689,4.320372217
Syngr3,0.038088125,19.20903955
Ankrd24,0.037994772,20.73778664
Gpr108,0.037901419,8.04253905
Tmem176b,0.037837094,2.293120638
Abl2,0.037808066,20.20604852
Cope,0.037714712,10.86739781
Lonp1,0.037661639,5.716184779
Jkamp,0.037621359,13.32668661
Atp5s,0.037528006,7.976071785
Arl13b,0.037434653,8.341641741
Map2k4,0.037341299,37.12196743
Zfp282,0.037247946,10.56829511
Rbm28,0.037154593,12.96111665
Trim23,0.03706124,9.504818877
Idua,0.037049861,2.891326022
9930021J03Rik,0.03678118,28.2818212
Gm13782,0.036736379,0.033233632
Eif4e,0.036687827,15.85244267
Zdhhc13,0.036407767,8.773678963
Dnajc16,0.036379715,4.320372217
Cenpo,0.03632361,1.09670987
Orc3,0.03622106,12.32967763
1600010M07Rik,0.036127707,11.0667996
Rrp9,0.036095216,3.123961449
Hprt,0.036034354,10.9670987
2310061I04Rik,0.035941001,9.039548023
Mtmr6,0.035847647,8.806912596
Rogdi,0.035754294,16.45064806
Cbx1,0.035660941,13.92489199
Zfp810,0.035567588,8.87337986
Bbs12,0.035498074,3.988035892
Atad3a,0.035474235,8.175473579
Rc3h2,0.035380881,23.39647723
Slc12a8,0.035360484,1.163177135
Scara5,0.03531856,0.830840811
Myef2,0.035287528,23.06414091
Mgrn1,0.035100822,16.74975075
Arhgef28,0.035007468,14.52309737
Gm17382,0.034799169,1.761382519
Gm28375,0.034727409,13.65902293
Atl1,0.034634055,18.51113327
B630005N14Rik,0.034540702,17.77999335
Grtp1,0.034534948,1.861083416
Adgrg1,0.034397358,3.888334995
Ntmt1,0.034353996,11.46560319
Herc1,0.034260642,46.49385178
Atic,0.034167289,5.31738119
Eif2s3y,0.034073936,21.07012296
Atf7ip,0.033980583,13.79195746
Adora2a,0.033970976,0.199401795
Rab2a,0.033887229,18.04586241
2310040G07Rik,0.033706328,4.985044865
Taf15,0.03360717,21.33599202
Fam120c,0.033513816,20.57161848
Urgcp,0.033420463,28.31505484
Cgref1,0.033364606,5.117979395
Kat6b,0.03332711,26.35427052
Podxl,0.033296643,0.598205384
1110035H17Rik,0.033067867,0.764373546
Ttll4,0.032953697,9.039548023
BC051142,0.032913412,2.492522433
Traf7,0.032860344,6.214689266
Cep78,0.03276699,9.737454304
Isoc2b,0.032703312,1.794616152
Nap1l4,0.032673637,13.4263875
Kdm2b,0.032580284,16.65004985
Exosc7,0.032486931,7.876370887
Pdia6,0.032393577,14.68926554
BC005561,0.032300224,17.81322699
Tmem5,0.032206871,7.64373546
Sec14l2,0.032202216,1.960784314
Axin2,0.032195927,1.994017946
Ptdss2,0.031926811,8.640744433
Ubc,0.031833458,19.64107677
Car10,0.031740105,58.49119309
Twist2,0.031682825,0.664672649
Gm9755,0.03164557,0.033233632
Far2,0.031553398,10.9670987
Srbd1,0.031460045,6.846128282
1110059E24Rik,0.031366692,7.976071785
Phactr1,0.031273338,57.66035228
Lbh,0.031232801,3.356596876
Rfx7,0.031179985,43.70222665
Nsd1,0.031086632,53.57261549
Ceacam10,0.031002639,0.066467265
Snap47,0.030993279,16.0850781
Sap130,0.030899925,16.31771353
Gm15559,0.030817175,3.157195081
Tmem158,0.030682444,1.728148887
Ube3c,0.030619866,33.66566966
Pafah1b2,0.030526512,11.63177135
Zfp414,0.030433159,9.704220671
Ebpl,0.030183309,5.284147557
Glyr1,0.030153099,18.07909605
Pycrl,0.03014642,3.921568627
Zcchc2,0.030105959,3.522765038
Fbxw4,0.029966393,23.09737454
2810432F15Rik,0.029856907,0.432037222
Ddb1,0.029779686,7.244931871
Trmt10a,0.029698869,3.190428714
Sox11,0.029686333,11.2662014
Zfyve16,0.02959298,8.275174477
Gm805,0.029581728,0.963775341
Tmem50a,0.029499627,12.36291127
Col6a6,0.029444139,0.531738119
Kcna6,0.02931292,7.743436358
Tom1l1,0.029306549,2.426055168
Rnf32,0.02903286,10.23595879
Oaz2,0.028939507,15.61980724
Mboat7,0.028846154,11.99734131
Mtf1,0.028752801,6.67996012
Rhoj,0.028739612,2.858092389
Dedd2,0.028481013,2.691924227
Dpysl5,0.028472741,17.01561981
Eftud2,0.028379388,11.89764041
Gpsm1,0.028286034,12.36291127
Cfdp1,0.028192681,18.37819874
Hps4,0.028099328,9.438351612
Plppr3,0.027912621,12.16350947
Trappc9,0.027819268,21.30275839
Wdsub1,0.027655476,3.6889332
Srsf10,0.027632562,17.38118976
Eif3a,0.027539208,10.33565969
A930007I19Rik,0.027527701,1.827849784
Eri3,0.027445855,24.39348621
Samm50,0.027259149,7.510800931
Pi4ka,0.027072442,44.89863742
Zbtb46,0.026979089,7.676969093
D730003I15Rik,0.026908342,3.655699568
Oaz1,0.026885736,25.15785975
Nox1,0.02683518,4.586241276
Gm15050,0.026829939,0.498504487
Lace1,0.026792382,15.91890994
Hdlbp,0.026699029,15.78597541
Ric3,0.026512323,13.69225656
Gm17090,0.02648892,1.429046195
Nucks1,0.026325616,13.22698571
Gm42567,0.026004403,2.758391492
Tab2,0.02585885,11.96410768
Gm3411,0.025756666,0.897308076
Lmntd1,0.025729224,1.395812562
Mast1,0.025672143,18.04586241
Amhr2,0.025623269,1.063476238
Pgrmc1,0.025485437,18.5443669
Mtfr2,0.025454045,0.864074443
Ube2e2,0.02529873,62.41276171
Mocs1,0.025277008,4.08773679
Mau2,0.025205377,13.7254902
Clu,0.025112024,18.01262878
Serping1,0.0250608,3.95480226
C2cd5,0.025018671,30.9405118
Cby1,0.024925317,4.951811233
Amd1,0.024831964,8.939847125
4930426D05Rik,0.024766098,2.359587903
Lamb3,0.024757618,1.628447989
Gcn1l1,0.024738611,12.4958458
Nptxr,0.024588228,5.018278498
Zfp719,0.024551904,5.45031572
Lrrc73,0.024490919,3.057494184
Rab26os,0.024473502,4.918577601
Ccdc173,0.024458551,6.28115653
Magt1,0.024365198,6.979062812
Me1,0.024178491,11.46560319
Tspan6,0.024078151,4.154204055
Timp3,0.02403299,4.486540379
Dhx36,0.023898432,11.43236956
Man2c1os,0.023805078,13.49285477
Tpmt,0.023718837,2.193419741
Gm11817,0.023711725,12.46261216
Clybl,0.023618372,13.49285477
Gm15234,0.023527793,0.864074443
Pan3,0.023525019,41.01030243
Atp6v0d1,0.023431665,16.05184447
Kcnd3os,0.023252614,0.531738119
Fam173a,0.023151606,17.58059156
Ptpra,0.022964899,21.07012296
Map2k1,0.022871546,21.33599202
Pcnp,0.022778193,15.15453639
Ipmk,0.022498133,9.072781655
Pgls,0.022416391,3.988035892
Otoa,0.022333795,0.598205384
Asphd1,0.022262926,5.250913925
Ammecr1l,0.022218073,12.03057494
Pds5a,0.02184466,23.79528082
Ftx,0.021751307,49.88368229
Haus5,0.02173913,0.830840811
Ttc5,0.021657954,7.211698239
Hibch,0.0215646,10.63476238
Hbs1l,0.021471247,10.93386507
Tlk2,0.021284541,20.13958126
Usp3,0.021191187,8.707211698
Stau1,0.021097834,9.970089731
Spata5,0.021004481,14.05782652
Cspg5,0.020911128,14.68926554
Gpm6b,0.020817774,23.06414091
4933408B17Rik,0.020638415,3.95480226
Tsg101,0.020537715,11.73147225
Fam114a2,0.020351008,8.740445331
Cd5,0.020225647,0.232635427
Cstf2,0.020164302,13.4263875
Pnpla8,0.020070948,10.60152875
Rnf121,0.019697535,9.737454304
Ncoa4,0.019675289,2.160186108
Rffl,0.019604182,9.670987039
AU019990,0.019563712,1.794616152
B2m,0.019417476,6.048521103
Slc25a23,0.019230769,20.30574942
Gm28876,0.019217452,0.664672649
Hnrnpul1,0.019137416,8.109006314
Usp42,0.018871191,3.123961449
Zcrb1,0.01867065,11.73147225
Glb1l,0.018574573,2.193419741
D930020B18Rik,0.018524931,1.129943503
Pfkm,0.018483943,11.19973413
Gm7467,0.018436984,3.024260552
Ralbp1,0.018297237,12.4958458
Hnmt,0.018203883,5.849119309
Ptcd1,0.01817867,2.359587903
Spin1,0.01811053,9.172482552
Crmp1,0.018017177,13.39315387
Samd14,0.017923824,7.045530076
Celsr3,0.017737117,10.33565969
Pja2,0.017643764,36.82286474
Fhl1,0.017550411,11.46560319
Gm4779,0.017473858,0.531738119
Dst,0.017457058,57.72681954
Mapk13,0.017336269,0.166168162
Gm8705,0.017313019,0.066467265
Wdr73,0.017176998,8.075772682
Eif3g,0.017139889,4.154204055
Actr1b,0.017083645,15.42040545
Txndc17,0.01706109,3.655699568
Pgr,0.016803585,9.405117979
Zfand4,0.016616878,6.613492855
Xrcc3,0.016510732,1.129943503
Ranbp2,0.016430172,11.39913593
Acvr1,0.016336819,14.55633101
Impdh1,0.016056759,9.670987039
R3hdm1,0.015963406,52.11033566
Dnm1,0.015776699,26.91924227
Nit1,0.015683346,7.876370887
Ubr7,0.015589993,5.815885676
Esr1,0.015496639,9.00631439
Vldlr,0.015403286,7.278165503
Fam101b,0.015309933,4.685942173
Atp10a,0.015029873,4.652708541
Rbm10,0.01493652,12.89464939
Ap1s1,0.014843167,6.979062812
D130052B06Rik,0.014841689,0.033233632
Cog7,0.01465646,7.178464606
Kmt2c,0.014563107,35.59322034
Dcp1a,0.014469754,8.87337986
Cbll1,0.014283047,6.015287471
Aoc2,0.014196676,0.997008973
Parp6,0.014189694,12.76171486
Mcfd2,0.014034122,3.855101363
Efcc1,0.014023546,2.060485211
Pbdc1,0.014002987,6.979062812
Bpifb9a,0.013850416,0.099700897
Fam120a,0.013816281,15.38717182
Lage3,0.013722928,13.89165836
Pkd1,0.013629574,25.75606514
Foxj3,0.013536221,19.6743104
Arfrp1,0.013442868,6.646726487
Prox2os,0.013331025,0.830840811
Prpf18,0.013256161,8.341641741
Nr2c2ap,0.013157895,2.492522433
Ccdc107,0.013069455,10.90063144
Gtf2h1,0.012976102,7.145230974
Suz12,0.012882748,13.16051844
Fam132a,0.012811634,3.157195081
Kcnq4,0.012795817,1.694915254
Atf2,0.012789395,29.17912928
Gm16175,0.012658228,0.13293453
Arhgap21,0.012602689,24.75905616
Cxx1a,0.012509335,11.19973413
Lig1,0.012415982,5.284147557
Eef1a1,0.012229276,16.35094716
Dcaf7,0.012135922,11.93087404
Abat,0.012042569,18.81023596
Mtmr7,0.011949216,14.72249917
Prosc,0.011855863,8.507809904
Lrrc1,0.011762509,5.849119309
Snx12,0.011669156,11.36590229
Gm28863,0.011543536,0.066467265
Zbtb44,0.01148245,11.10003323
Pspc1,0.011389096,11.36590229
Gnpda1,0.011253463,1.661681622
Apc,0.011109037,40.71119973
Usp24,0.011015683,14.62279827
Prpf39,0.01092233,13.79195746
Mup6,0.010907202,0.398803589
Zap70,0.010869565,0.897308076
Stx5a,0.010828977,21.56862745
Shc2,0.010735624,6.380857428
Ankrd29,0.010734072,7.942838152
Acr,0.010731976,2.525756065
Gosr1,0.01064227,9.670987039
Smad5,0.010594386,3.356596876
Nol9,0.010560942,3.522765038
Tmco1,0.010455564,11.2662014
Vmn2r85,0.010387812,3.855101363
Brwd1,0.010362211,24.16085078
Sos2,0.010268857,19.94017946
Gm26903,0.010181618,1.994017946
Stx16,0.010175504,31.40578265
Syt11,0.010082151,36.19142572
Fam228b,0.010044029,2.625456962
Tmem19,0.009988798,6.54702559
Hgs,0.009802091,8.208707212
Tacc1,0.009615385,20.30574942
Zfand6,0.009522031,19.6743104
Srsf3,0.009428678,8.640744433
Gja5,0.009356081,1.2296444
6330409D20Rik,0.00934903,0.432037222
S100pbp,0.009335325,9.471585244
Gm10010,0.009080903,0.764373546
Speg,0.009055265,9.305417082
Csnk1e,0.008961912,8.906613493
9530077C05Rik,0.008775205,7.577268195
Nudcd3,0.008681852,29.7108674
Pcbd1,0.008668134,2.858092389
Ulk3,0.00865651,3.323363244
Fbf1,0.008495146,6.081754736
Brwd3,0.008401792,9.704220671
Kdm5b,0.008308439,22.86473912
Ppan,0.008235534,3.6889332
Thap2,0.008028379,9.970089731
Rpl21,0.007841673,9.27218345
Kifap3,0.00774832,25.55666334
Rab21,0.007654966,6.779661017
Kdm6a,0.007561613,16.11831173
Prkcz,0.00746826,23.49617813
Recql5,0.007374907,8.906613493
2210016L21Rik,0.0071882,13.16051844
Gpr68,0.007098338,1.728148887
Rtca,0.007094847,7.976071785
Crtc1,0.00690814,10.33565969
Gm3488,0.006879472,1.429046195
Actl6b,0.006814787,12.16350947
C130080G10Rik,0.006752078,0.432037222
Zfp846,0.006534727,14.15752742
Cables1,0.006405817,3.389830508
Dhx15,0.006348021,7.111997341
Iars2,0.006254668,9.205716185
Gm26604,0.006232687,0.531738119
Tmem131,0.006161314,14.42339648
Gm17276,0.006067961,24.26055168
Suv39h1,0.006053935,1.528747092
Synrg,0.005974608,15.61980724
Lhfp,0.005881255,7.344632768
Mtg1,0.005778756,3.024260552
Zfp54,0.005713296,2.060485211
Numbl,0.005694548,5.250913925
Ddx6,0.005601195,16.65004985
Dcps,0.005507842,6.081754736
Fnip2,0.005414488,11.29943503
Txnl1,0.005227782,6.048521103
Nat10,0.005134429,5.417082087
Inhbb,0.005090809,0.398803589
Cbwd1,0.005041075,8.441342639
Cphx3,0.004847645,1.960784314
Gm14827,0.004761016,7.211698239
Gm5113,0.004674515,0.997008973
Fam160a2,0.004574309,6.513791957
5330434G04Rik,0.004387603,56.82951147
Ldb1,0.004328255,2.359587903
Ift88,0.004294249,15.75274177
Dbp,0.004265272,2.126952476
Ctif,0.004200896,23.92821535
Sox4,0.004127683,2.957793287
Snx14,0.004107543,9.039548023
Mta1,0.00401419,5.616483882
Dok3,0.003981994,2.991026919
Dus3l,0.003920836,10.9670987
Pcgf5,0.003827483,10.20272516
Fancl,0.00373413,6.447324693
Rbm18,0.003640777,6.347623795
Usp40,0.003547423,19.24227318
Socs5,0.003360717,8.474576271
Scrib,0.003267364,6.148222001
Acaa1b,0.003116343,0.265869059
Pacrg,0.003080657,35.02824859
Wdr7,0.002987304,29.57793287
Hgf,0.002968338,0.465270854
Dusp12,0.002800597,8.939847125
Pdcd10,0.002520538,11.69823862
Hk3,0.00247661,0.531738119
Vps72,0.002427184,6.646726487
Gm44151,0.002333831,15.02160186
Rnf180,0.002240478,11.86440678
Klhl2,0.002147125,15.85244267
Bbs4,0.002053771,10.06979063
Ptar1,0.001773712,4.420073114
Exd2,0.001680358,13.59255567
Uggt1,0.001587005,8.275174477
Nupl1,0.001400299,5.018278498
Sqrdl,0.001375894,0.598205384
Gm26763,0.001306945,6.879361914
Snrpa1,0.001213592,4.885343968
Ssx2ip,0.001211911,3.223662346
Irak4,0.001038781,1.628447989
Pdlim7,0.001026886,22.03389831
Ica1l,0.000933532,9.704220671
Tmem206,0.000865651,3.323363244
Adck5,0.000840179,7.377866401
Stag2,0.000746826,20.53838485
Telo2,0.000653473,9.13924892
Gm26917,0.000560119,22.43270189
Spink2,0.000373413,4.519774011
Zcchc9,0.00028006,7.012296444
U2surp,9.33532E-05,25.02492522